Date,Close
2024-03-13,94.1600
2024-03-12,97.4200
2024-03-11,94.5100
2024-03-08,97.6200
2024-03-07,98.9800
2024-03-06,95.5600
2024-03-05,94.4700
2024-03-04,95.7700
2024-03-01,95.1500
2024-02-29,90.6100
2024-02-28,89.7100
2024-02-27,91.8500
2024-02-26,89.4600
2024-02-23,86.0000
2024-02-22,85.9100
2024-02-21,81.4900
2024-02-20,80.7100
2024-02-16,79.5000
2024-02-15,81.6300
2024-02-14,81.8300
2024-02-13,81.5300
2024-02-12,85.7000
2024-02-09,85.5600
2024-02-08,84.8800
2024-02-07,85.1700
2024-02-06,84.6000
2024-02-05,86.9800
2024-02-02,86.4800
2024-02-01,85.6100
2024-01-31,85.7500
2024-01-30,86.1600
2024-01-29,89.0700
2024-01-26,88.0500
2024-01-25,89.2000
2024-01-24,88.0800
2024-01-23,87.5300
2024-01-22,89.2400
2024-01-19,87.5100
2024-01-18,84.8200
2024-01-17,83.2800
2024-01-16,84.6100
2024-01-12,82.3900
2024-01-11,83.3900
2024-01-10,82.3800
2024-01-09,83.3300
2024-01-08,84.9500
2024-01-05,83.4500
2024-01-04,82.7100
2024-01-03,82.2600
2024-01-02,82.3400
2023-12-29,85.3400
2023-12-28,86.0000
2023-12-27,86.6600
2023-12-26,87.0600
2023-12-22,86.4900
2023-12-21,85.4800
2023-12-20,78.6900
2023-12-19,82.1700
2023-12-18,81.5600
2023-12-15,81.4100
2023-12-14,82.1900
2023-12-13,79.7900
2023-12-12,78.1600
2023-12-11,77.7900
2023-12-08,74.9600
2023-12-07,73.6500
2023-12-06,73.1300
2023-12-05,73.6900
2023-12-04,74.2900
2023-12-01,75.9300
2023-11-30,76.1200
2023-11-29,76.6900
2023-11-28,76.1200
2023-11-27,77.5100
2023-11-24,76.8700
2023-11-22,77.1000
2023-11-21,76.7100
2023-11-20,78.6200
2023-11-17,77.5600
2023-11-16,76.6700
2023-11-15,77.1400
2023-11-14,77.1700
2023-11-13,74.7800
2023-11-10,75.3600
2023-11-09,73.5700
2023-11-08,72.2800
2023-11-07,72.8000
2023-11-06,72.9200
2023-11-03,72.5800
2023-11-02,70.4400
2023-11-01,69.4000
2023-10-31,66.8700
2023-10-30,66.0700
2023-10-27,65.6500
2023-10-26,64.5300
2023-10-25,66.5000
2023-10-24,68.0700
2023-10-23,66.8800
2023-10-20,67.2200
2023-10-19,67.5300
2023-10-18,69.1400
2023-10-17,69.0000
2023-10-16,69.0800
2023-10-13,69.2100
2023-10-12,69.7500
2023-10-11,70.2100
2023-10-10,69.0700
2023-10-09,69.4800
2023-10-06,69.9600
2023-10-05,69.0500
2023-10-04,68.1100
2023-10-03,67.8300
2023-10-02,67.9600
2023-09-29,68.0300
2023-09-28,65.2000
2023-09-27,68.2100
2023-09-26,67.9400
2023-09-25,68.5800
2023-09-22,68.8800
2023-09-21,67.9000
2023-09-20,69.6800
2023-09-19,70.7100
2023-09-18,70.5000
2023-09-15,69.8800
2023-09-14,71.7900
2023-09-13,70.8500
2023-09-12,70.3100
2023-09-11,70.0300
2023-09-08,70.1800
2023-09-07,69.8700
2023-09-06,70.4100
2023-09-05,70.2900
2023-09-01,70.3900
2023-08-31,69.9400
2023-08-30,68.0900
2023-08-29,66.6800
2023-08-28,65.3100
2023-08-25,63.7200
2023-08-24,63.6900
2023-08-23,65.1900
2023-08-22,63.4100
2023-08-21,63.9600
2023-08-18,63.5900
2023-08-17,63.5600
2023-08-16,64.2200
2023-08-15,65.3300
2023-08-14,68.2800
2023-08-11,64.3700
2023-08-10,65.4400
2023-08-09,66.7000
2023-08-08,67.6500
2023-08-07,69.3800
2023-08-04,69.9100
2023-08-03,69.1800
2023-08-02,68.1700
2023-08-01,70.7600
2023-07-31,71.3900
2023-07-28,71.2000
2023-07-27,71.0700
2023-07-26,67.3800
2023-07-25,65.6800
2023-07-24,65.4800
2023-07-21,65.6500
2023-07-20,64.6900
2023-07-19,64.9600
2023-07-18,64.9400
2023-07-17,65.1600
2023-07-14,64.0800
2023-07-13,64.5300
2023-07-12,63.7900
2023-07-11,63.6000
2023-07-10,62.4800
2023-07-07,60.6500
2023-07-06,61.2300
2023-07-05,62.0600
2023-07-03,63.9000
2023-06-30,63.1100
2023-06-29,64.3300
2023-06-28,67.0700
2023-06-27,66.7900
2023-06-26,65.4500
2023-06-23,65.2800
2023-06-22,66.2500
2023-06-21,65.8000
2023-06-20,66.9000
2023-06-16,67.6600
2023-06-15,68.8200
2023-06-14,69.1200
2023-06-13,67.8700
2023-06-12,67.4500
2023-06-09,65.4300
2023-06-08,65.3200
2023-06-07,67.0600
2023-06-06,67.5400
2023-06-05,67.7700
2023-06-02,69.1700
2023-06-01,69.0900
2023-05-31,68.2000
2023-05-30,71.6900
2023-05-26,73.9300
2023-05-25,69.6100
2023-05-24,66.5300
2023-05-23,66.0100
2023-05-22,66.2300
2023-05-19,68.1700
2023-05-18,67.5700
2023-05-17,64.9200
2023-05-16,63.7300
2023-05-15,64.6400
2023-05-12,60.9200
2023-05-11,61.6100
2023-05-10,59.9900
2023-05-09,60.9300
2023-05-08,60.8700
2023-05-05,61.2300
2023-05-04,60.5100
2023-05-03,60.9100
2023-05-02,61.9000
2023-05-01,62.3500
2023-04-28,64.3600
2023-04-27,61.9000
2023-04-26,61.0200
2023-04-25,58.1400
2023-04-24,59.5100
2023-04-21,61.1300
2023-04-20,61.4600
2023-04-19,60.6500
2023-04-18,61.9300
2023-04-17,62.5400
2023-04-14,62.6300
2023-04-13,63.0000
2023-04-12,61.9600
2023-04-11,63.5700
2023-04-10,63.2700
2023-04-06,58.5600
2023-04-05,57.0200
2023-04-04,57.2700
2023-04-03,59.6100
2023-03-31,60.3400
2023-03-30,63.0900
2023-03-29,63.5400
2023-03-28,59.2800
2023-03-27,59.7900
2023-03-24,61.1600
2023-03-23,61.3400
2023-03-22,58.1700
2023-03-21,58.6300
2023-03-20,57.6400
2023-03-17,56.6600
2023-03-16,56.5700
2023-03-15,54.1300
2023-03-14,54.2700
2023-03-13,53.9000
2023-03-10,54.9300
2023-03-09,55.6000
2023-03-08,56.8900
2023-03-07,55.5600
2023-03-06,56.8300
2023-03-03,56.7800
2023-03-02,56.4300
2023-03-01,57.3400
2023-02-28,57.8200
2023-02-27,57.9000
2023-02-24,58.1800
2023-02-23,58.7500
2023-02-22,56.9800
2023-02-21,57.6000
2023-02-17,59.0100
2023-02-16,60.0500
2023-02-15,61.8400
2023-02-14,62.0700
2023-02-13,60.1200
2023-02-10,59.8200
2023-02-09,60.1800
2023-02-08,60.2500
2023-02-07,62.1300
2023-02-06,59.9800
2023-02-03,62.4100
2023-02-02,63.1700
2023-02-01,62.6000
2023-01-31,60.3000
2023-01-30,61.7100
2023-01-27,63.8700
2023-01-26,62.8000
2023-01-25,61.5400
2023-01-24,61.2600
2023-01-23,61.8200
2023-01-20,58.4600
2023-01-19,56.3600
2023-01-18,56.5100
2023-01-17,56.8500
2023-01-13,56.9300
2023-01-12,57.2700
2023-01-11,58.0600
2023-01-10,57.2100
2023-01-09,56.3600
2023-01-06,56.7700
2023-01-05,54.7100
2023-01-04,54.2000
2023-01-03,50.3700
2022-12-30,49.9800
2022-12-29,50.6500
2022-12-28,49.1200
2022-12-27,50.0200
2022-12-23,50.2000
2022-12-22,49.4300
2022-12-21,51.1900
2022-12-20,50.6800
2022-12-19,51.7200
2022-12-16,52.0700
2022-12-15,52.0400
2022-12-14,54.5900
2022-12-13,55.2400
2022-12-12,55.3500
2022-12-09,54.8700
2022-12-08,55.2000
2022-12-07,53.8200
2022-12-06,53.6800
2022-12-05,54.0400
2022-12-02,54.6800
2022-12-01,55.4900
2022-11-30,57.6500
2022-11-29,55.1200
2022-11-28,55.7500
2022-11-25,58.4100
2022-11-23,58.9300
2022-11-22,58.6200
2022-11-21,57.1600
2022-11-18,58.5800
2022-11-17,58.7400
2022-11-16,58.8700
2022-11-15,63.1000
2022-11-14,61.7800
2022-11-11,62.5200
2022-11-10,60.2700
2022-11-09,55.9700
2022-11-08,57.4900
2022-11-07,56.5600
2022-11-04,56.1600
2022-11-03,53.4800
2022-11-02,53.4500
2022-11-01,54.8600
2022-10-31,54.1000
2022-10-28,54.0400
2022-10-27,52.2100
2022-10-26,55.4500
2022-10-25,55.8700
2022-10-24,56.2400
2022-10-21,56.0500
2022-10-20,53.7000
2022-10-19,53.0300
2022-10-18,52.5500
2022-10-17,53.5000
2022-10-14,52.7200
2022-10-13,54.8600
2022-10-12,52.7500
2022-10-11,53.7100
2022-10-10,51.3800
2022-10-07,52.9100
2022-10-06,54.6200
2022-10-05,54.7300
2022-10-04,53.9600
2022-10-03,51.7200
2022-09-30,50.1000
2022-09-29,50.0100
2022-09-28,51.0000
2022-09-27,50.5800
2022-09-26,48.8800
2022-09-23,50.1000
2022-09-22,49.6600
2022-09-21,50.1000
2022-09-20,50.8000
2022-09-19,52.1000
2022-09-16,52.8500
2022-09-15,52.6900
2022-09-14,53.1100
2022-09-13,53.6200
2022-09-12,57.9400
2022-09-09,57.4400
2022-09-08,55.3900
2022-09-07,55.0000
2022-09-06,55.2300
2022-09-02,56.3300
2022-09-01,57.3100
2022-08-31,56.5300
2022-08-30,56.3000
2022-08-29,57.0100
2022-08-26,57.6300
2022-08-25,61.2000
2022-08-24,58.3100
2022-08-23,57.8600
2022-08-22,58.3100
2022-08-19,60.5100
2022-08-18,62.9800
2022-08-17,61.6200
2022-08-16,63.8600
2022-08-15,64.7000
2022-08-12,65.0400
2022-08-11,62.3200
2022-08-10,61.4000
2022-08-09,59.1500
2022-08-08,61.4500
2022-08-05,62.4600
2022-08-04,64.8500
2022-08-03,64.2500
2022-08-02,62.4700
2022-08-01,62.5400
2022-07-29,61.8600
2022-07-28,62.0700
2022-07-27,61.8900
2022-07-26,59.6600
2022-07-25,60.1500
2022-07-22,61.2900
2022-07-21,63.6400
2022-07-20,63.3000
2022-07-19,62.4000
2022-07-18,60.4500
2022-07-15,61.5300
2022-07-14,59.3500
2022-07-13,58.8600
2022-07-12,59.1800
2022-07-11,57.8100
2022-07-08,59.1400
2022-07-07,58.8500
2022-07-06,57.3700
2022-07-05,56.7300
2022-07-01,53.6500
2022-06-30,55.2800
2022-06-29,56.0200
2022-06-28,57.8600
2022-06-27,58.7800
2022-06-24,58.4400
2022-06-23,56.2200
2022-06-22,56.3400
2022-06-21,56.8000
2022-06-17,55.7500
2022-06-16,55.0100
2022-06-15,59.1200
2022-06-14,58.7000
2022-06-13,58.8400
2022-06-10,62.6200
2022-06-09,66.0200
2022-06-08,68.6000
2022-06-07,70.7600
2022-06-06,70.4500
2022-06-03,69.9400
2022-06-02,75.3700
2022-06-01,73.5500
2022-05-31,73.8400
2022-05-27,73.3200
2022-05-26,70.6000
2022-05-25,67.8700
2022-05-24,66.6200
2022-05-23,69.5900
2022-05-20,68.9000
2022-05-19,69.4000
2022-05-18,71.0500
2022-05-17,74.4800
2022-05-16,70.4700
2022-05-13,71.9200
2022-05-12,67.7100
2022-05-11,66.9600
2022-05-10,68.9100
2022-05-09,67.9300
2022-05-06,70.3500
2022-05-05,71.2900
2022-05-04,73.6200
2022-05-03,71.2600
2022-05-02,70.6000
2022-04-29,68.1900
2022-04-28,70.1800
2022-04-27,66.4700
2022-04-26,67.0800
2022-04-25,70.1200
2022-04-22,69.4100
2022-04-21,70.9200
2022-04-20,73.2000
2022-04-19,72.7300
2022-04-18,71.1500
2022-04-14,70.1300
2022-04-13,72.3800
2022-04-12,71.9600
2022-04-11,72.0300
2022-04-08,72.1400
2022-04-07,73.2800
2022-04-06,73.7800
2022-04-05,74.6100
2022-04-04,77.6700
2022-04-01,76.1800
2022-03-31,77.8900
2022-03-30,79.1600
2022-03-29,82.0500
2022-03-28,79.8600
2022-03-25,78.1000
2022-03-24,78.2100
2022-03-23,75.6500
2022-03-22,79.1200
2022-03-21,78.3500
2022-03-18,79.4100
2022-03-17,80.5200
2022-03-16,79.6700
2022-03-15,73.1100
2022-03-14,69.4000
2022-03-11,72.8200
2022-03-10,75.7200
2022-03-09,79.4400
2022-03-08,77.1600
2022-03-07,75.7000
2022-03-04,81.9100
2022-03-03,89.1800
2022-03-02,93.3000
2022-03-01,86.2600
2022-02-28,88.8600
2022-02-25,90.1000
2022-02-24,88.8300
2022-02-23,87.3100
2022-02-22,90.5700
2022-02-18,90.8000
2022-02-17,93.7300
2022-02-16,96.0600
2022-02-15,96.0000
2022-02-14,89.8600
2022-02-11,89.7600
2022-02-10,91.0200
2022-02-09,88.1200
2022-02-08,84.1200
2022-02-07,80.8700
2022-02-04,81.1700
2022-02-03,81.9700
2022-02-02,84.5100
2022-02-01,81.4500
2022-01-31,82.2700
2022-01-28,79.2700
2022-01-27,78.7200
2022-01-26,81.9700
2022-01-25,80.7200
2022-01-24,82.9500
2022-01-21,81.9300
2022-01-20,85.0700
2022-01-19,90.0000
2022-01-18,92.8700
2022-01-14,97.3600
2022-01-13,95.6200
2022-01-12,95.1100
2022-01-11,94.2000
2022-01-10,93.8900
2022-01-07,94.4500
2022-01-06,95.6500
2022-01-05,94.4000
2022-01-04,96.3400
2022-01-03,95.7500
2021-12-31,93.1500
2021-12-30,93.8900
2021-12-29,96.1700
2021-12-28,92.9400
2021-12-27,94.4300
2021-12-23,94.4200
2021-12-22,90.3400
2021-12-21,90.6800
2021-12-20,82.0300
2021-12-17,83.0000
2021-12-16,82.6900
2021-12-15,85.6600
2021-12-14,83.2900
2021-12-13,84.3500
2021-12-10,85.5400
2021-12-09,84.9300
2021-12-08,86.0200
2021-12-07,85.8300
2021-12-06,82.4500
2021-12-03,81.6200
2021-12-02,82.8800
2021-12-01,85.1500
2021-11-30,84.0000
2021-11-29,86.1400
2021-11-26,83.4200
2021-11-24,86.2100
2021-11-23,85.4100
2021-11-22,83.8600
2021-11-19,83.0300
2021-11-18,77.0200
2021-11-17,75.4600
2021-11-16,76.8100
2021-11-15,76.7800
2021-11-12,77.3000
2021-11-11,74.5500
2021-11-10,73.4100
2021-11-09,75.5900
2021-11-08,74.5600
2021-11-05,72.9200
2021-11-04,72.2400
2021-11-03,71.2500
2021-11-02,70.7600
2021-11-01,70.7000
2021-10-29,69.1000
2021-10-28,69.5800
2021-10-27,68.2400
2021-10-26,68.9400
2021-10-25,68.7600
2021-10-22,67.5100
2021-10-21,68.6400
2021-10-20,68.2700
2021-10-19,67.5700
2021-10-18,67.2600
2021-10-15,67.6800
2021-10-14,67.8000
2021-10-13,66.3800
2021-10-12,66.7200
2021-10-11,69.2200
2021-10-08,70.1200
2021-10-07,70.5400
2021-10-06,69.9400
2021-10-05,70.5000
2021-10-04,70.6200
2021-10-01,70.9900
2021-09-30,70.9800
2021-09-29,71.6400
2021-09-28,73.1000
2021-09-27,75.1800
2021-09-24,74.0500
2021-09-23,74.0400
2021-09-22,73.9700
2021-09-21,72.1400
2021-09-20,72.3700
2021-09-17,74.3000
2021-09-16,74.6300
2021-09-15,73.8200
2021-09-14,73.4900
2021-09-13,74.3500
2021-09-10,73.5000
2021-09-09,72.8700
2021-09-08,72.2700
2021-09-07,73.6400
2021-09-03,73.8100
2021-09-02,73.9900
2021-09-01,73.7200
2021-08-31,73.7000
2021-08-30,73.1600
2021-08-27,74.0000
2021-08-26,72.7700
2021-08-25,74.0400
2021-08-24,71.9800
2021-08-23,71.7400
2021-08-20,70.2300
2021-08-19,70.2800
2021-08-18,70.6200
2021-08-17,70.7800
2021-08-16,70.9300
2021-08-13,70.9200
2021-08-12,70.2500
2021-08-11,75.0300
2021-08-10,75.9100
2021-08-09,80.2100
2021-08-06,82.0000
2021-08-05,81.4900
2021-08-04,81.9800
2021-08-03,80.8600
2021-08-02,77.6400
2021-07-30,77.5800
2021-07-29,77.0800
2021-07-28,75.5500
2021-07-27,74.2200
2021-07-26,76.3000
2021-07-23,75.9400
2021-07-22,75.5300
2021-07-21,77.1900
2021-07-20,75.3900
2021-07-19,74.5800
2021-07-16,75.0100
2021-07-15,76.9200
2021-07-14,78.4900
2021-07-13,78.4500
2021-07-12,79.5600
2021-07-09,78.7400
2021-07-08,77.1100
2021-07-07,78.2200
2021-07-06,81.0800
2021-07-02,80.3300
2021-07-01,80.1100
2021-06-30,84.9800
2021-06-29,82.9300
2021-06-28,83.3800
2021-06-25,82.0300
2021-06-24,80.5800
2021-06-23,79.0200
2021-06-22,77.6600
2021-06-21,77.0700
2021-06-18,76.9500
2021-06-17,80.6400
2021-06-16,80.4900
2021-06-15,82.1800
2021-06-14,80.4900
2021-06-11,79.3400
2021-06-10,79.2800
2021-06-09,78.6600
2021-06-08,80.5300
2021-06-07,84.0400
2021-06-04,83.7600
2021-06-03,82.0300
2021-06-02,84.3400
2021-06-01,84.1500
2021-05-28,84.1400
2021-05-27,83.9300
2021-05-26,82.2400
2021-05-25,81.2300
2021-05-24,82.9000
2021-05-21,80.7200
2021-05-20,81.1300
2021-05-19,79.9300
2021-05-18,78.8800
2021-05-17,80.3900
2021-05-14,79.7000
2021-05-13,77.1900
2021-05-12,76.8000
2021-05-11,80.6800
2021-05-10,80.8500
2021-05-07,85.9800
2021-05-06,84.8000
2021-05-05,85.1500
2021-05-04,84.4100
2021-05-03,85.0200
2021-04-30,86.0700
2021-04-29,88.0600
2021-04-28,86.0300
2021-04-27,89.4600
2021-04-26,87.8400
2021-04-23,86.0300
2021-04-22,84.7100
2021-04-21,89.4900
2021-04-20,87.4800
2021-04-19,88.4100
2021-04-16,90.6600
2021-04-15,90.2700
2021-04-14,90.6700
2021-04-13,92.1500
2021-04-12,95.5900
2021-04-09,95.3000
2021-04-08,95.2900
2021-04-07,93.9600
2021-04-06,93.4900
2021-04-05,93.7500
2021-04-01,92.4100
2021-03-31,88.2100
2021-03-30,86.5400
2021-03-29,86.5900
2021-03-26,87.9900
2021-03-25,84.0900
2021-03-24,83.0000
2021-03-23,85.4000
2021-03-22,91.2800
2021-03-19,90.5100
2021-03-18,89.8200
2021-03-17,94.7600
2021-03-16,91.4300
2021-03-15,88.8500
2021-03-12,87.7700
2021-03-11,89.3100
2021-03-10,85.4100
2021-03-09,89.3000
2021-03-08,85.0500
2021-03-05,88.9300
2021-03-04,84.3300
2021-03-03,89.1100
2021-03-02,91.0900
2021-03-01,94.7600
2021-02-26,91.5300
2021-02-25,88.1200
2021-02-24,92.5200
2021-02-23,88.2300
2021-02-22,86.2800
2021-02-19,90.9600
2021-02-18,88.5350
2021-02-17,86.0500
2021-02-16,87.7400
2021-02-12,88.0100
2021-02-11,86.4800
2021-02-10,82.3500
2021-02-09,83.3200
2021-02-08,84.0100
2021-02-05,81.1000
2021-02-04,81.2500
2021-02-03,79.1100
2021-02-02,81.6200
2021-02-01,80.4300
2021-01-29,78.2700
2021-01-28,78.3900
2021-01-27,75.0900
2021-01-26,79.5100
2021-01-25,81.2800
2021-01-22,82.2800
2021-01-21,85.0100
2021-01-20,83.5000
2021-01-19,85.5000
2021-01-15,80.7200
2021-01-14,81.3000
2021-01-13,79.9100
2021-01-12,79.4600
2021-01-11,78.6700
2021-01-08,77.4200
2021-01-07,79.1100
2021-01-06,77.1100
2021-01-05,77.2600
2021-01-04,74.0500
2020-12-31,75.1800
2020-12-30,71.9200
2020-12-29,70.2100
2020-12-28,70.6600
2020-12-24,70.5800
2020-12-23,69.9500
2020-12-22,70.4400
2020-12-21,71.4700
2020-12-18,71.4600
2020-12-17,72.2600
2020-12-16,72.9900
2020-12-15,73.1500
2020-12-14,71.5400
2020-12-11,70.5300
2020-12-10,71.2800
2020-12-09,71.4100
2020-12-08,73.1900
2020-12-07,72.6100
2020-12-04,73.3400
2020-12-03,69.9000
2020-12-02,69.1100
2020-12-01,67.0800
2020-11-30,64.0900
2020-11-27,64.2300
2020-11-25,63.4300
2020-11-24,63.9500
2020-11-23,64.1800
2020-11-20,61.4000
2020-11-19,61.8300
2020-11-18,60.7400
2020-11-17,61.9900
2020-11-16,61.8600
2020-11-13,57.9300
2020-11-12,56.2500
2020-11-11,56.3600
2020-11-10,55.4100
2020-11-09,55.9600
2020-11-06,55.1600
2020-11-05,54.5800
2020-11-04,51.9600
2020-11-03,51.0800
2020-11-02,49.7100
2020-10-30,50.3400
2020-10-29,50.4800
2020-10-28,50.0000
2020-10-27,51.9600
2020-10-26,52.1400
2020-10-23,52.8500
2020-10-22,54.3800
2020-10-21,53.3100
2020-10-20,53.5300
2020-10-19,52.6300
2020-10-16,51.6100
2020-10-15,51.9400
2020-10-14,51.6300
2020-10-13,51.8500
2020-10-12,50.6800
2020-10-09,49.8900
2020-10-08,49.9000
2020-10-07,48.4100
2020-10-06,47.3200
2020-10-05,47.6000
2020-10-02,46.5500
2020-10-01,47.9200
2020-09-30,46.9600
2020-09-29,50.7100
2020-09-28,49.7200
2020-09-25,49.1400
2020-09-24,49.4700
2020-09-23,49.8500
2020-09-22,49.7000
2020-09-21,49.1500
2020-09-18,50.7400
2020-09-17,50.9800
2020-09-16,50.2100
2020-09-15,49.0500
2020-09-14,49.0300
2020-09-11,46.0900
2020-09-10,44.8700
2020-09-09,45.1500
2020-09-08,45.0300
2020-09-04,46.4800
2020-09-03,46.3300
2020-09-02,47.8300
2020-09-01,45.7600
2020-08-31,45.5100
2020-08-28,45.6900
2020-08-27,44.6200
2020-08-26,44.9600
2020-08-25,45.1000
2020-08-24,43.7600
2020-08-21,42.6600
2020-08-20,42.9850
2020-08-19,44.0500
2020-08-18,44.4000
2020-08-17,45.2200
2020-08-14,45.6000
2020-08-13,46.1400
2020-08-12,48.4800
2020-08-11,47.7600
2020-08-10,49.1500
2020-08-07,48.7500
2020-08-06,48.7000
2020-08-05,51.0500
2020-08-04,51.3000
2020-08-03,50.3900
2020-07-31,50.0550
2020-07-30,50.7400
2020-07-29,50.3900
2020-07-28,50.0900
2020-07-27,51.5900
2020-07-24,50.0200
2020-07-23,52.6400
2020-07-22,51.6500
2020-07-21,51.5200
2020-07-20,51.2100
2020-07-17,49.4700
2020-07-16,50.1000
2020-07-15,50.5100
2020-07-14,49.7100
2020-07-13,49.4600
2020-07-10,50.7000
2020-07-09,49.9800
2020-07-08,49.7100
2020-07-07,49.0900
2020-07-06,50.9200
2020-07-02,49.8300
2020-07-01,49.7000
2020-06-30,51.5200
2020-06-29,49.1450
2020-06-26,48.4900
2020-06-25,49.1900
2020-06-24,48.2900
2020-06-23,49.8400
2020-06-22,51.1500
2020-06-19,50.8300
2020-06-18,50.4800
2020-06-17,50.9600
2020-06-16,51.0200
2020-06-15,49.2400
2020-06-12,48.6900
2020-06-11,48.5200
2020-06-10,52.4700
2020-06-09,53.1500
2020-06-08,53.7000
2020-06-05,53.7200
2020-06-04,51.2200
2020-06-03,48.9200
2020-06-02,46.8200
2020-06-01,46.3400
2020-05-29,47.9100
2020-05-28,46.4700
2020-05-27,49.4500
2020-05-26,45.8000
2020-05-22,44.9400
2020-05-21,45.2200
2020-05-20,46.6400
2020-05-19,45.1200
2020-05-18,45.9200
2020-05-15,44.4100
2020-05-14,45.7300
2020-05-13,43.5300
2020-05-12,45.6900
2020-05-11,48.2000
2020-05-08,48.2500
2020-05-07,46.5900
2020-05-06,46.0800
2020-05-05,45.4100
2020-05-04,44.4600
2020-05-01,45.0600
2020-04-30,47.8900
2020-04-29,49.8300
2020-04-28,45.3100
2020-04-27,45.2800
2020-04-24,44.1600
2020-04-23,43.7700
2020-04-22,43.9100
2020-04-21,41.4100
2020-04-20,43.4000
2020-04-17,45.7000
2020-04-16,45.5300
2020-04-15,46.4300
2020-04-14,47.6200
2020-04-13,46.1700
2020-04-09,46.1300
2020-04-08,48.2900
2020-04-07,46.5400
2020-04-06,46.3700
2020-04-03,41.2200
2020-04-02,41.0900
2020-04-01,39.8900
2020-03-31,42.0600
2020-03-30,44.5200
2020-03-27,43.4800
2020-03-26,44.7900
2020-03-25,42.5000
2020-03-24,43.2700
2020-03-23,38.2500
2020-03-20,36.1100
2020-03-19,36.2900
2020-03-18,34.6900
2020-03-17,37.3800
2020-03-16,34.4700
2020-03-13,42.9900
2020-03-12,38.8100
2020-03-11,43.7200
2020-03-10,47.8600
2020-03-09,45.9700
2020-03-06,51.4700
2020-03-05,53.7200
2020-03-04,55.2900
2020-03-03,51.8000
2020-03-02,54.5900
2020-02-28,52.5600
2020-02-27,50.5800
2020-02-26,52.3700
2020-02-25,52.1000
2020-02-24,55.0100
2020-02-21,56.9900
2020-02-20,59.0000
2020-02-19,59.9900
2020-02-18,57.7500
2020-02-14,58.5000
2020-02-13,59.3300
2020-02-12,59.2700
2020-02-11,57.2500
2020-02-10,57.3300
2020-02-07,56.8800
2020-02-06,58.6800
2020-02-05,56.7700
2020-02-04,55.5000
2020-02-03,53.7800
2020-01-31,53.0900
2020-01-30,55.0300
2020-01-29,55.3000
2020-01-28,56.4700
2020-01-27,55.4100
2020-01-24,57.7600
2020-01-23,59.2000
2020-01-22,59.1700
2020-01-21,58.9700
2020-01-17,57.6600
2020-01-16,57.6800
2020-01-15,56.1700
2020-01-14,57.5200
2020-01-13,57.4500
2020-01-10,56.6700
2020-01-09,57.3100
2020-01-08,57.5200
2020-01-07,58.2700
2020-01-06,53.5700
2020-01-03,54.5300
2020-01-02,55.3900
2019-12-31,53.7800
2019-12-30,53.2100
2019-12-27,54.0300
2019-12-26,55.1100
2019-12-24,55.4200
2019-12-23,55.4000
2019-12-20,55.0600
2019-12-19,54.5300
2019-12-18,53.0400
2019-12-17,53.0000
2019-12-16,52.9400
2019-12-13,51.2000
2019-12-12,50.9700
2019-12-11,49.2600
2019-12-10,47.4600
2019-12-09,46.4500
2019-12-06,47.9300
2019-12-05,46.6200
2019-12-04,46.3000
2019-12-03,45.2300
2019-12-02,46.3900
2019-11-29,47.5100
2019-11-27,48.1600
2019-11-26,46.7200
2019-11-25,47.5200
2019-11-22,45.8700
2019-11-21,45.5500
2019-11-20,45.5700
2019-11-19,46.5800
2019-11-18,47.8200
2019-11-15,47.7100
2019-11-14,46.8000
2019-11-13,46.3000
2019-11-12,46.9000
2019-11-11,46.2600
2019-11-08,47.1900
2019-11-07,48.4000
2019-11-06,47.6800
2019-11-05,48.6800
2019-11-04,49.5900
2019-11-01,48.3800
2019-10-31,47.5500
2019-10-30,47.8800
2019-10-29,48.1100
2019-10-28,48.6900
2019-10-25,48.0300
2019-10-24,47.1000
2019-10-23,44.6600
2019-10-22,44.6600
2019-10-21,45.2200
2019-10-18,43.4700
2019-10-17,45.5000
2019-10-16,45.1600
2019-10-15,46.4600
2019-10-14,44.8600
2019-10-11,45.1000
2019-10-10,43.2800
2019-10-09,42.8800
2019-10-08,42.6400
2019-10-07,44.1600
2019-10-04,44.5500
2019-10-03,43.4600
2019-10-02,41.9800
2019-10-01,42.3000
2019-09-30,42.8500
2019-09-27,43.2100
2019-09-26,48.6000
2019-09-25,49.4700
2019-09-24,48.5100
2019-09-23,49.6000
2019-09-20,49.1600
2019-09-19,49.8200
2019-09-18,50.4800
2019-09-17,50.8400
2019-09-16,50.1500
2019-09-13,50.5000
2019-09-12,50.4400
2019-09-11,50.4800
2019-09-10,49.3900
2019-09-09,49.1300
2019-09-06,48.9700
2019-09-05,49.0300
2019-09-04,46.8100
2019-09-03,44.9900
2019-08-30,45.2700
2019-08-29,44.6700
2019-08-28,43.1500
2019-08-27,42.4400
2019-08-26,43.4300
2019-08-23,42.9600
2019-08-22,44.7800
2019-08-21,44.1700
2019-08-20,44.2300
2019-08-19,45.0100
2019-08-16,43.5500
2019-08-15,42.2400
2019-08-14,42.0400
2019-08-13,44.1700
2019-08-12,42.1300
2019-08-09,41.5200
2019-08-08,42.6300
2019-08-07,41.7500
2019-08-06,42.6200
2019-08-05,41.9400
2019-08-02,44.0800
2019-08-01,43.6000
2019-07-31,44.8900
2019-07-30,47.4600
2019-07-29,46.8200
2019-07-26,47.4900
2019-07-25,47.7700
2019-07-24,47.9900
2019-07-23,46.9500
2019-07-22,47.1900
2019-07-19,45.5200
2019-07-18,44.6700
2019-07-17,43.3700
2019-07-16,43.0600
2019-07-15,44.4000
2019-07-12,44.5100
2019-07-11,43.4800
2019-07-10,42.9000
2019-07-09,41.3500
2019-07-08,40.4100
2019-07-05,39.4200
2019-07-03,39.5900
2019-07-02,39.6000
2019-07-01,40.1100
2019-06-28,38.5900
2019-06-27,38.0700
2019-06-26,37.0400
2019-06-25,32.6800
2019-06-24,33.1900
2019-06-21,33.2500
2019-06-20,34.1500
2019-06-19,33.9400
2019-06-18,34.2900
2019-06-17,32.4300
2019-06-14,32.6600
2019-06-13,33.3800
2019-06-12,32.9600
2019-06-11,34.8400
2019-06-10,34.9400
2019-06-07,33.9900
2019-06-06,33.4700
2019-06-05,33.3400
2019-06-04,34.4900
2019-06-03,32.6900
2019-05-31,32.6100
2019-05-30,33.3200
2019-05-29,33.2900
2019-05-28,32.9400
2019-05-24,34.0000
2019-05-23,33.8200
2019-05-22,34.7300
2019-05-21,35.6400
2019-05-20,34.6200
2019-05-17,36.0600
2019-05-16,37.3100
2019-05-15,38.4100
2019-05-14,38.5100
2019-05-13,37.3800
2019-05-10,38.9400
2019-05-09,39.2700
2019-05-08,39.7500
2019-05-07,40.2600
2019-05-06,42.1300
2019-05-03,43.3300
2019-05-02,42.5600
2019-05-01,41.9000
2019-04-30,42.0600
2019-04-29,42.1100
2019-04-26,42.1000
2019-04-25,42.7500
2019-04-24,43.0300
2019-04-23,42.7700
2019-04-22,43.4000
2019-04-18,43.4000
2019-04-17,43.1500
2019-04-16,42.7600
2019-04-15,41.8200
2019-04-12,42.0100
2019-04-11,42.2800
2019-04-10,42.1700
2019-04-09,41.7200
2019-04-08,42.9000
2019-04-05,43.3200
2019-04-04,42.8900
2019-04-03,43.9000
2019-04-02,42.4400
2019-04-01,42.2500
2019-03-29,41.3300
2019-03-28,39.3400
2019-03-27,39.2300
2019-03-26,40.3200
2019-03-25,40.5500
2019-03-22,41.6200
2019-03-21,43.9900
2019-03-20,40.1300
2019-03-19,40.3700
2019-03-18,39.6100
2019-03-15,39.5400
2019-03-14,38.4100
2019-03-13,38.8300
2019-03-12,39.2500
2019-03-11,39.0300
2019-03-08,38.6500
2019-03-07,37.8300
2019-03-06,37.9300
2019-03-05,39.9900
2019-03-04,41.0600
2019-03-01,41.5800
2019-02-28,40.8800
2019-02-27,41.3200
2019-02-26,42.9600
2019-02-25,42.7500
2019-02-22,42.5700
2019-02-21,41.5300
2019-02-20,42.2100
2019-02-19,41.9600
2019-02-15,41.9900
2019-02-14,42.2300
2019-02-13,41.6800
2019-02-12,40.4000
2019-02-11,38.5800
2019-02-08,38.5800
2019-02-07,39.3800
2019-02-06,41.5200
2019-02-05,39.3700
2019-02-04,39.4700
2019-02-01,39.6000
2019-01-31,38.2200
2019-01-30,38.2400
2019-01-29,37.3900
2019-01-28,38.0800
2019-01-25,38.9600
2019-01-24,36.5900
2019-01-23,34.2400
2019-01-22,33.8700
2019-01-18,35.7600
2019-01-17,33.8800
2019-01-16,33.5800
2019-01-15,33.9900
2019-01-14,34.6700
2019-01-11,36.0100
2019-01-10,35.9100
2019-01-09,35.4400
2019-01-08,33.7400
2019-01-07,34.0000
2019-01-04,32.7000
2019-01-03,31.0000
2019-01-02,32.7500
2018-12-31,31.7300
2018-12-28,31.5700
2018-12-27,31.9300
2018-12-26,30.8900
2018-12-24,29.0200
2018-12-21,30.3200
2018-12-20,31.2800
2018-12-19,31.4100
2018-12-18,34.1100
2018-12-17,33.8800
2018-12-14,34.2000
2018-12-13,35.0200
2018-12-12,36.0300
2018-12-11,35.2100
2018-12-10,34.8000
2018-12-07,35.3100
2018-12-06,37.6700
2018-12-04,36.8800
2018-12-03,40.0300
2018-11-30,38.5600
2018-11-29,37.9100
2018-11-28,38.7100
2018-11-27,37.0000
2018-11-26,36.5700
2018-11-23,36.4000
2018-11-21,36.3800
2018-11-20,36.1200
2018-11-19,36.8300
2018-11-16,39.4400
2018-11-15,39.9100
2018-11-14,38.0300
2018-11-13,37.8500
2018-11-12,37.4400
2018-11-09,39.1100
2018-11-08,40.4400
2018-11-07,40.9300
2018-11-06,39.8000
2018-11-05,39.9200
2018-11-02,40.3200
2018-11-01,40.1200
2018-10-31,37.7200
2018-10-30,36.0100
2018-10-29,34.6600
2018-10-26,35.4000
2018-10-25,36.7800
2018-10-24,35.4300
2018-10-23,38.6800
2018-10-22,39.7600
2018-10-19,40.4500
2018-10-18,41.3000
2018-10-17,42.3500
2018-10-16,43.2100
2018-10-15,42.3400
2018-10-12,42.4700
2018-10-11,41.9700
2018-10-10,41.6100
2018-10-09,42.2700
2018-10-08,43.0700
2018-10-05,43.5800
2018-10-04,44.1600
2018-10-03,45.1500
2018-10-02,45.7600
2018-10-01,45.1500
2018-09-28,45.2300
2018-09-27,44.9900
2018-09-26,44.3500
2018-09-25,44.6400
2018-09-24,45.1600
2018-09-21,44.7400
2018-09-20,46.0600
2018-09-19,45.0600
2018-09-18,45.3300
2018-09-17,43.5800
2018-09-14,44.3000
2018-09-13,43.6200
2018-09-12,41.7400
2018-09-11,43.6000
2018-09-10,44.9000
2018-09-07,44.8600
2018-09-06,44.6500
2018-09-05,49.5400
2018-09-04,51.9300
2018-08-31,52.5200
2018-08-30,52.7600
2018-08-29,51.8300
2018-08-28,52.3400
2018-08-27,52.0700
2018-08-24,50.7000
2018-08-23,49.7000
2018-08-22,50.2400
2018-08-21,49.9400
2018-08-20,48.0700
2018-08-17,47.1100
2018-08-16,47.1000
2018-08-15,47.4900
2018-08-14,50.6200
2018-08-13,51.3400
2018-08-10,51.3700
2018-08-09,52.2600
2018-08-08,53.3900
2018-08-07,53.0400
2018-08-06,52.6700
2018-08-03,52.8100
2018-08-02,53.4000
2018-08-01,52.2900
2018-07-31,52.7900
2018-07-30,53.0100
2018-07-27,53.9600
2018-07-26,53.7600
2018-07-25,53.3900
2018-07-24,53.1700
2018-07-23,54.2900
2018-07-20,55.0200
2018-07-19,56.2200
2018-07-18,57.4500
2018-07-17,56.9600
2018-07-16,56.1500
2018-07-13,56.3500
2018-07-12,55.4500
2018-07-11,54.1800
2018-07-10,55.7400
2018-07-09,54.3100
2018-07-06,53.2300
2018-07-05,52.8400
2018-07-03,51.4800
2018-07-02,54.4800
2018-06-29,52.4400
2018-06-28,53.1400
2018-06-27,52.2600
2018-06-26,54.5900
2018-06-25,53.1600
2018-06-22,57.1000
2018-06-21,59.4400
2018-06-20,58.9500
2018-06-19,59.2500
2018-06-18,58.4500
2018-06-15,58.2300
2018-06-14,59.1800
2018-06-13,60.0500
2018-06-12,60.5500
2018-06-11,61.3900
2018-06-08,61.3900
2018-06-07,59.6300
2018-06-06,59.4200
2018-06-05,59.4100
2018-06-04,59.1000
2018-06-01,58.7400
2018-05-31,57.5900
2018-05-30,62.5700
2018-05-29,62.6200
2018-05-25,61.3500
2018-05-24,61.4900
2018-05-23,59.9700
2018-05-22,59.0300
2018-05-21,55.4800
2018-05-18,53.3900
2018-05-17,54.7000
2018-05-16,56.5000
2018-05-15,54.0100
2018-05-14,53.0000
2018-05-11,51.8200
2018-05-10,52.6600
2018-05-09,51.0100
2018-05-08,48.5700
2018-05-07,48.4800
2018-05-04,47.5800
2018-05-03,46.6200
2018-05-02,45.8900
2018-05-01,46.7900
2018-04-30,45.9800
2018-04-27,47.5200
2018-04-26,50.1400
2018-04-25,47.6000
2018-04-24,47.1100
2018-04-23,49.0200
2018-04-20,50.6200
2018-04-19,51.4200
2018-04-18,54.0100
2018-04-17,52.2600
2018-04-16,51.6500
2018-04-13,52.2300
2018-04-12,52.5900
2018-04-11,50.4800
2018-04-10,50.4800
2018-04-09,47.9600
2018-04-06,48.4600
2018-04-05,49.8400
2018-04-04,53.3900
2018-04-03,51.5500
2018-04-02,50.0600
2018-03-29,52.1400
2018-03-28,51.4900
2018-03-27,52.4000
2018-03-26,55.5600
2018-03-23,54.2100
2018-03-22,58.9200
2018-03-21,61.0700
2018-03-20,61.1500
2018-03-19,60.1400
2018-03-16,60.5800
2018-03-15,58.8400
2018-03-14,59.7800
2018-03-13,59.4300
2018-03-12,59.3700
2018-03-09,54.5900
2018-03-08,55.2200
2018-03-07,53.9700
2018-03-06,53.7400
2018-03-05,52.0300
2018-03-02,49.1100
2018-03-01,47.6200
2018-02-28,48.8100
2018-02-27,48.5800
2018-02-26,47.9800
2018-02-23,46.5300
2018-02-22,44.2500
2018-02-21,44.5400
2018-02-20,44.9000
2018-02-16,44.2100
2018-02-15,43.5000
2018-02-14,43.4500
2018-02-13,42.6300
2018-02-12,42.1900
2018-02-09,40.4100
2018-02-08,40.0000
2018-02-07,42.0100
2018-02-06,43.8800
2018-02-05,39.4000
2018-02-02,40.8200
2018-02-01,42.4900
2018-01-31,43.7200
2018-01-30,41.6700
2018-01-29,43.2900
2018-01-26,43.6700
2018-01-25,43.0100
2018-01-24,43.0800
2018-01-23,43.9500
2018-01-22,42.8800
2018-01-19,42.7500
2018-01-18,43.9900
2018-01-17,44.2600
2018-01-16,42.9200
2018-01-12,42.8100
2018-01-11,42.8200
2018-01-10,43.3100
2018-01-09,42.9700
2018-01-08,45.5500
2018-01-05,45.8000
2018-01-04,46.8800
2018-01-03,44.9800
2018-01-02,43.6700
2017-12-29,41.1200
2017-12-28,41.8100
2017-12-27,42.4800
2017-12-26,42.2500
2017-12-22,44.1200
2017-12-21,44.4200
2017-12-20,45.7500
2017-12-19,43.9800
2017-12-18,43.7100
2017-12-15,42.4000
2017-12-14,42.2400
2017-12-13,42.0500
2017-12-12,41.8600
2017-12-11,43.0100
2017-12-08,43.2100
2017-12-07,43.2000
2017-12-06,41.5800
2017-12-05,41.2100
2017-12-04,39.9000
2017-12-01,41.9900
2017-11-30,42.3900
2017-11-29,43.7400
2017-11-28,47.9300
2017-11-27,48.0500
2017-11-24,49.6800
2017-11-22,49.1400
2017-11-21,49.4000
2017-11-20,47.6400
2017-11-17,46.1600
2017-11-16,46.1800
2017-11-15,45.3600
2017-11-14,45.8000
2017-11-13,45.6000
2017-11-10,44.7800
2017-11-09,43.5000
2017-11-08,44.0900
2017-11-07,43.9500
2017-11-06,43.2500
2017-11-03,43.7100
2017-11-02,44.3400
2017-11-01,44.3800
2017-10-31,44.3100
2017-10-30,41.6500
2017-10-27,40.8500
2017-10-26,40.6000
2017-10-25,41.0600
2017-10-24,41.6000
2017-10-23,41.5600
2017-10-20,41.5000
2017-10-19,41.3100
2017-10-18,41.6500
2017-10-17,40.3900
2017-10-16,41.4900
2017-10-13,40.4000
2017-10-12,40.5800
2017-10-11,41.6100
2017-10-10,41.9800
2017-10-09,40.9600
2017-10-06,39.6700
2017-10-05,39.3700
2017-10-04,39.5600
2017-10-03,40.3700
2017-10-02,40.0100
2017-09-29,39.3300
2017-09-28,37.9600
2017-09-27,37.0900
2017-09-26,34.1800
2017-09-25,34.8700
2017-09-22,36.0700
2017-09-21,35.9100
2017-09-20,35.9700
2017-09-19,35.9500
2017-09-18,35.4300
2017-09-15,34.6500
2017-09-14,34.5800
2017-09-13,34.5900
2017-09-12,34.2900
2017-09-11,33.4400
2017-09-08,32.4500
2017-09-07,32.7900
2017-09-06,32.2500
2017-09-05,32.0700
2017-09-01,32.6000
2017-08-31,31.9700
2017-08-30,31.6100
2017-08-29,31.4800
2017-08-28,31.0800
2017-08-25,30.2900
2017-08-24,30.2200
2017-08-23,30.4500
2017-08-22,30.4500
2017-08-21,29.5600
2017-08-18,30.3800
2017-08-17,29.6200
2017-08-16,30.6900
2017-08-15,29.6800
2017-08-14,29.2400
2017-08-11,28.0100
2017-08-10,27.4900
2017-08-09,28.5800
2017-08-08,28.8400
2017-08-07,28.5900
2017-08-04,27.9200
2017-08-03,27.8300
2017-08-02,28.6300
2017-08-01,28.3400
2017-07-31,28.1200
2017-07-28,29.2800
2017-07-27,30.2400
2017-07-26,29.8100
2017-07-25,29.9000
2017-07-24,31.6700
2017-07-21,32.0100
2017-07-20,32.0000
2017-07-19,31.8200
2017-07-18,31.9000
2017-07-17,31.7200
2017-07-14,31.7900
2017-07-13,31.1300
2017-07-12,31.4500
2017-07-11,31.3700
2017-07-10,30.5000
2017-07-07,30.2000
2017-07-06,30.1000
2017-07-05,30.5100
2017-07-03,29.1400
2017-06-30,29.8600
2017-06-29,31.4700
2017-06-28,32.2400
2017-06-27,31.6600
2017-06-26,32.5000
2017-06-23,31.7300
2017-06-22,31.8900
2017-06-21,32.0100
2017-06-20,30.8300
2017-06-19,31.2000
2017-06-16,29.8600
2017-06-15,30.5600
2017-06-14,31.0600
2017-06-13,31.5400
2017-06-12,31.2000
2017-06-09,30.6000
2017-06-08,32.4500
2017-06-07,32.5000
2017-06-06,31.5700
2017-06-05,31.2100
2017-06-02,31.2100
2017-06-01,30.7600
2017-05-31,30.7700
2017-05-30,30.7000
2017-05-26,29.7600
2017-05-25,29.4300
2017-05-24,28.9900
2017-05-23,28.2900
2017-05-22,28.0600
2017-05-19,27.8200
2017-05-18,27.4800
2017-05-17,27.0000
2017-05-16,29.0200
2017-05-15,28.8300
2017-05-12,28.9300
2017-05-11,29.0300
2017-05-10,29.3200
2017-05-09,28.8100
2017-05-08,28.0600
2017-05-05,28.2000
2017-05-04,27.7900
2017-05-03,28.0000
2017-05-02,27.7700
2017-05-01,28.2900
2017-04-28,27.6700
2017-04-27,27.6300
2017-04-26,26.7900
2017-04-25,26.9900
2017-04-24,26.5700
2017-04-21,27.3200
2017-04-20,27.9600
2017-04-19,27.2600
2017-04-18,27.1400
2017-04-17,27.1300
2017-04-13,26.7400
2017-04-12,26.6900
2017-04-11,27.1800
2017-04-10,27.6400
2017-04-07,28.5200
2017-04-06,28.6200
2017-04-05,28.2600
2017-04-04,28.5900
2017-04-03,28.6400
2017-03-31,28.9000
2017-03-30,28.9700
2017-03-29,28.5000
2017-03-28,28.6900
2017-03-27,28.7600
2017-03-24,28.4300
2017-03-23,26.4700
2017-03-22,26.0600
2017-03-21,25.5200
2017-03-20,26.2100
2017-03-17,25.8000
2017-03-16,26.0400
2017-03-15,26.1200
2017-03-14,25.5800
2017-03-13,25.7000
2017-03-10,25.1800
2017-03-09,25.1500
2017-03-08,25.3800
2017-03-07,25.6400
2017-03-06,25.7100
2017-03-03,25.5700
2017-03-02,24.7000
2017-03-01,24.5500
2017-02-28,23.4400
2017-02-27,23.7600
2017-02-24,23.2400
2017-02-23,23.4800
2017-02-22,23.7500
2017-02-21,23.7700
2017-02-17,23.3500
2017-02-16,22.9800
2017-02-15,23.0200
2017-02-14,23.1200
2017-02-13,23.9000
2017-02-10,24.0500
2017-02-09,24.4500
2017-02-08,24.2100
2017-02-07,24.6000
2017-02-06,24.3400
2017-02-03,24.6000
2017-02-02,24.7900
2017-02-01,24.7500
2017-01-31,24.1100
2017-01-30,24.1800
2017-01-27,23.9700
2017-01-26,23.5200
2017-01-25,23.5600
2017-01-24,22.8500
2017-01-23,21.8900
2017-01-20,21.9600
2017-01-19,21.7100
2017-01-18,22.3200
2017-01-17,21.7400
2017-01-13,22.1800
2017-01-12,22.3100
2017-01-11,22.7900
2017-01-10,22.4800
2017-01-09,22.3400
2017-01-06,22.0400
2017-01-05,22.1100
2017-01-04,22.3600
2017-01-03,22.5500
2016-12-30,21.9200
2016-12-29,22.2700
2016-12-28,22.7800
2016-12-27,23.3000
2016-12-23,23.2600
2016-12-22,23.1900
2016-12-21,20.5800
2016-12-20,20.6500
2016-12-19,20.3500
2016-12-16,20.2700
2016-12-15,20.2900
2016-12-14,20.0200
2016-12-13,20.1300
2016-12-12,20.0200
2016-12-09,20.5000
2016-12-08,20.6600
2016-12-07,20.4400
2016-12-06,19.0600
2016-12-05,18.6100
2016-12-02,18.7900
2016-12-01,18.4800
2016-11-30,19.5300
2016-11-29,19.4200
2016-11-28,19.9900
2016-11-25,20.1300
2016-11-23,19.9100
2016-11-22,19.7400
2016-11-21,19.4900
2016-11-18,19.2100
2016-11-17,19.1800
2016-11-16,18.2400
2016-11-15,18.1000
2016-11-14,17.7100
2016-11-11,17.6700
2016-11-10,16.9900
2016-11-09,17.2000
2016-11-08,17.4100
2016-11-07,17.3750
2016-11-04,16.6800
2016-11-03,16.6200
2016-11-02,16.6800
2016-11-01,16.9800
2016-10-31,17.1600
2016-10-28,17.2000
2016-10-27,17.5300
2016-10-26,17.6400
2016-10-25,17.5400
2016-10-24,17.0600
2016-10-21,16.9400
2016-10-20,17.2050
2016-10-19,17.2150
2016-10-18,17.4100
2016-10-17,16.9900
2016-10-14,17.1300
2016-10-13,16.8500
2016-10-12,16.7800
2016-10-11,16.8600
2016-10-10,17.5000
2016-10-07,17.6100
2016-10-06,17.7300
2016-10-05,17.7000
2016-10-04,17.8000
2016-10-03,17.7300
2016-09-30,17.7800
2016-09-29,17.5400
2016-09-28,17.4400
2016-09-27,18.0000
2016-09-26,17.3600
2016-09-23,17.4800
2016-09-22,17.5900
2016-09-21,17.6600
2016-09-20,16.9200
2016-09-19,16.9500
2016-09-16,17.4800
2016-09-15,17.4500
2016-09-14,16.9300
2016-09-13,16.7500
2016-09-12,17.1500
2016-09-09,16.8100
2016-09-08,17.4500
2016-09-07,17.1600
2016-09-06,17.0100
2016-09-02,16.7000
2016-09-01,16.6400
2016-08-31,16.4900
2016-08-30,16.7400
2016-08-29,16.9100
2016-08-26,16.5100
2016-08-25,16.2000
2016-08-24,15.5100
2016-08-23,16.1800
2016-08-22,16.1900
2016-08-19,16.2500
2016-08-18,15.7700
2016-08-17,15.5200
2016-08-16,15.4900
2016-08-15,15.5300
2016-08-12,14.9300
2016-08-11,14.4300
2016-08-10,14.2000
2016-08-09,14.4800
2016-08-08,14.4200
2016-08-05,14.5200
2016-08-04,14.0300
2016-08-03,13.5100
2016-08-02,13.4000
2016-08-01,13.5600
2016-07-29,13.7400
2016-07-28,13.8100
2016-07-27,14.1900
2016-07-26,14.6700
2016-07-25,13.9200
2016-07-22,13.1300
2016-07-21,13.1800
2016-07-20,13.5900
2016-07-19,13.2200
2016-07-18,13.3400
2016-07-15,13.1300
2016-07-14,13.2900
2016-07-13,13.2900
2016-07-12,13.2300
2016-07-11,12.6400
2016-07-08,12.6200
2016-07-07,12.2000
2016-07-06,11.7300
2016-07-05,11.9100
2016-07-01,12.5000
2016-06-30,13.7600
2016-06-29,13.1900
2016-06-28,12.9900
2016-06-27,12.2300
2016-06-24,13.2100
2016-06-23,14.0500
2016-06-22,12.7200
2016-06-21,12.7500
2016-06-20,12.3200
2016-06-17,12.2000
2016-06-16,11.9500
2016-06-15,12.0200
2016-06-14,11.9200
2016-06-13,12.0500
2016-06-10,12.1400
2016-06-09,12.5100
2016-06-08,12.5800
2016-06-07,13.0000
2016-06-06,12.7700
2016-06-03,12.8600
2016-06-02,13.1100
2016-06-01,13.0900
2016-05-31,12.7200
2016-05-27,12.3100
2016-05-26,11.9500
2016-05-25,11.6000
2016-05-24,11.4900
2016-05-23,11.1400
2016-05-20,10.8000
2016-05-19,10.0700
2016-05-18,10.0500
2016-05-17,9.6700
2016-05-16,9.6800
2016-05-13,9.5600
2016-05-12,9.6300
2016-05-11,10.1000
2016-05-10,10.0900
2016-05-09,9.8700
2016-05-06,9.9900
2016-05-05,10.0600
2016-05-04,10.0000
2016-05-03,10.3600
2016-05-02,10.6200
2016-04-29,10.7500
2016-04-28,11.6200
2016-04-27,11.5600
2016-04-26,11.5100
2016-04-25,10.5500
2016-04-22,10.6600
2016-04-21,10.6500
2016-04-20,10.7500
2016-04-19,10.7200
2016-04-18,10.8900
2016-04-15,10.6900
2016-04-14,10.4000
2016-04-13,10.8800
2016-04-12,10.1700
2016-04-11,10.4500
2016-04-08,10.7200
2016-04-07,10.5100
2016-04-06,10.4700
2016-04-05,10.4000
2016-04-04,10.8000
2016-04-01,11.0300
2016-03-31,10.4700
2016-03-30,10.4800
2016-03-29,10.4500
2016-03-28,10.3800
2016-03-24,10.5000
2016-03-23,10.6500
2016-03-22,11.4400
2016-03-21,11.5300
2016-03-18,11.1400
2016-03-17,10.8700
2016-03-16,10.7200
2016-03-15,10.8500
2016-03-14,11.1500
2016-03-11,11.3900
2016-03-10,10.8800
2016-03-09,10.8100
2016-03-08,10.6600
2016-03-07,11.5800
2016-03-04,11.8800
2016-03-03,11.7900
2016-03-02,11.6800
2016-03-01,11.0700
2016-02-29,10.6300
2016-02-26,10.7000
2016-02-25,10.7200
2016-02-24,10.6400
2016-02-23,10.4900
2016-02-22,11.0500
2016-02-19,11.1600
2016-02-18,11.4900
2016-02-17,11.4300
2016-02-16,10.8100
2016-02-12,10.0200
2016-02-11,9.6900
2016-02-10,9.9000
2016-02-09,9.9800
2016-02-08,10.1700
2016-02-05,11.0000
2016-02-04,11.2300
2016-02-03,10.7600
2016-02-02,10.5900
2016-02-01,10.9600
2016-01-29,11.0300
2016-01-28,9.8850
2016-01-27,10.3900
2016-01-26,10.5500
2016-01-25,10.4800
2016-01-22,11.0700
2016-01-21,10.8500
2016-01-20,10.0500
2016-01-19,10.8000
2016-01-15,11.0800
2016-01-14,12.0200
2016-01-13,12.0600
2016-01-12,12.7200
2016-01-11,12.5300
2016-01-08,13.3300
2016-01-07,13.6600
2016-01-06,14.2200
2016-01-05,14.8200
2016-01-04,14.3300
2015-12-31,14.1600
2015-12-30,14.1600
2015-12-29,14.3400
2015-12-28,14.1900
2015-12-24,14.4800
2015-12-23,14.3000
2015-12-22,14.6100
2015-12-21,14.7700
2015-12-18,14.3600
2015-12-17,14.3200
2015-12-16,14.0700
2015-12-15,14.1800
2015-12-14,13.6600
2015-12-11,14.0400
2015-12-10,14.6600
2015-12-09,14.3200
2015-12-08,14.6000
2015-12-07,14.8500
2015-12-04,15.5000
2015-12-03,15.6100
2015-12-02,15.8200
2015-12-01,16.5500
2015-11-30,15.9300
2015-11-27,15.5600
2015-11-25,15.5800
2015-11-24,15.6300
2015-11-23,15.3200
2015-11-20,15.4300
2015-11-19,15.8700
2015-11-18,15.6100
2015-11-17,15.2800
2015-11-16,14.8900
2015-11-13,15.0000
2015-11-12,15.3500
2015-11-11,15.5000
2015-11-10,15.5450
2015-11-09,15.8400
2015-11-06,16.4500
2015-11-05,16.5100
2015-11-04,17.4400
2015-11-03,17.8350
2015-11-02,17.0900
2015-10-30,16.5600
2015-10-29,16.2100
2015-10-28,16.9200
2015-10-27,16.6800
2015-10-26,16.5800
2015-10-23,17.2400
2015-10-22,16.7200
2015-10-21,16.4300
2015-10-20,17.0900
2015-10-19,19.1600
2015-10-16,18.5000
2015-10-15,18.6600
2015-10-14,18.8200
2015-10-13,18.1800
2015-10-12,18.0300
2015-10-09,18.1600
2015-10-08,18.7200
2015-10-07,18.6200
2015-10-06,18.2200
2015-10-05,17.5700
2015-10-02,15.9100
2015-10-01,14.7700
2015-09-30,14.9600
2015-09-29,14.3800
2015-09-28,14.0600
2015-09-25,14.9100
2015-09-24,15.3400
2015-09-23,14.8100
2015-09-22,15.4100
2015-09-21,15.7500
2015-09-18,15.5000
2015-09-17,16.4100
2015-09-16,16.6800
2015-09-15,16.5200
2015-09-14,16.7000
2015-09-11,16.8000
2015-09-10,17.2000
2015-09-09,16.9600
2015-09-08,17.5300
2015-09-04,16.8200
2015-09-03,16.5900
2015-09-02,16.2900
2015-09-01,15.8200
2015-08-31,16.4100
2015-08-28,15.9600
2015-08-27,15.6700
2015-08-26,14.4200
2015-08-25,14.2700
2015-08-24,14.4400
2015-08-21,14.5300
2015-08-20,14.7400
2015-08-19,15.9000
2015-08-18,16.3800
2015-08-17,17.2200
2015-08-14,16.9500
2015-08-13,17.7000
2015-08-12,18.1900
2015-08-11,17.8800
2015-08-10,18.8200
2015-08-07,18.4400
2015-08-06,18.7200
2015-08-05,18.9100
2015-08-04,19.0100
2015-08-03,19.0000
2015-07-31,18.5100
2015-07-30,19.9000
2015-07-29,19.8700
2015-07-28,19.7500
2015-07-27,18.1200
2015-07-24,18.3400
2015-07-23,18.7000
2015-07-22,18.0000
2015-07-21,18.8800
2015-07-20,18.8900
2015-07-17,20.1200
2015-07-16,19.6100
2015-07-15,18.8900
2015-07-14,19.6100
2015-07-13,17.6100
2015-07-10,17.5700
2015-07-09,17.1500
2015-07-08,17.6300
2015-07-07,18.2000
2015-07-06,18.3200
2015-07-02,19.0700
2015-07-01,18.7800
2015-06-30,18.8400
2015-06-29,18.7300
2015-06-26,19.6600
2015-06-25,24.0200
2015-06-24,24.0600
2015-06-23,24.4900
2015-06-22,24.6300
2015-06-19,24.4700
2015-06-18,24.4650
2015-06-17,24.4800
2015-06-16,24.2400
2015-06-15,24.2400
2015-06-12,25.1300
2015-06-11,25.0200
2015-06-10,25.1900
2015-06-09,25.1900
2015-06-08,25.9200
2015-06-05,26.5900
2015-06-04,26.9850
2015-06-03,27.0800
2015-06-02,27.7900
2015-06-01,28.4200
2015-05-29,27.9300
2015-05-28,28.2800
2015-05-27,28.1300
2015-05-26,27.3200
2015-05-22,27.3300
2015-05-21,26.9000
2015-05-20,26.5900
2015-05-19,26.3100
2015-05-18,26.7600
2015-05-15,26.3300
2015-05-14,26.6900
2015-05-13,27.1900
2015-05-12,26.8700
2015-05-11,27.7500
2015-05-08,27.1800
2015-05-07,27.2700
2015-05-06,27.9900
2015-05-05,28.0400
2015-05-04,28.6700
2015-05-01,28.9900
2015-04-30,28.1300
2015-04-29,28.8700
2015-04-28,28.9900
2015-04-27,29.2650
2015-04-24,29.2000
2015-04-23,29.5150
2015-04-22,29.4950
2015-04-21,28.5500
2015-04-20,28.2600
2015-04-17,28.0200
2015-04-16,28.0100
2015-04-15,28.1700
2015-04-14,27.7200
2015-04-13,27.8800
2015-04-10,28.0200
2015-04-09,27.8150
2015-04-08,27.1300
2015-04-07,26.8700
2015-04-06,27.4300
2015-04-02,26.7250
2015-04-01,27.1300
2015-03-31,27.1300
2015-03-30,26.6800
2015-03-27,26.6750
2015-03-26,26.6600
2015-03-25,26.5700
2015-03-24,27.9600
2015-03-23,28.0200
2015-03-20,28.6800
2015-03-19,28.0500
2015-03-18,28.1600
2015-03-17,27.6600
2015-03-16,28.5050
2015-03-13,28.7150
2015-03-12,28.0200
2015-03-11,27.8800
2015-03-10,27.6100
2015-03-09,28.6600
2015-03-06,28.5000
2015-03-05,29.2800
2015-03-04,29.2650
2015-03-03,29.6600
2015-03-02,31.2400
2015-02-27,30.6700
2015-02-26,30.6200
2015-02-25,30.4800
2015-02-24,30.7700
2015-02-23,31.4000
2015-02-20,32.0300
2015-02-19,31.8100
2015-02-18,32.1700
2015-02-17,32.3300
2015-02-13,31.8500
2015-02-12,31.9400
2015-02-11,31.0200
2015-02-10,31.0900
2015-02-09,28.3500
2015-02-06,28.9100
2015-02-05,29.4900
2015-02-04,29.0300
2015-02-03,28.9450
2015-02-02,28.4350
2015-01-30,29.2650
2015-01-29,29.7100
2015-01-28,29.0950
2015-01-27,29.6500
2015-01-26,31.0200
2015-01-23,30.9500
2015-01-22,30.8900
2015-01-21,30.4900
2015-01-20,29.6700
2015-01-16,28.9900
2015-01-15,29.3000
2015-01-14,30.0500
2015-01-13,30.8350
2015-01-12,31.6600
2015-01-09,33.5250
2015-01-08,33.6700
2015-01-07,32.1000
2015-01-06,32.8700
2015-01-05,33.7750
2015-01-02,34.7500
2014-12-31,35.0100
2014-12-30,35.4000
2014-12-29,35.5300
2014-12-26,35.0000
2014-12-24,34.9100
2014-12-23,34.9700
2014-12-22,34.6350
2014-12-19,34.4900
2014-12-18,34.4500
2014-12-17,33.8300
2014-12-16,32.9150
2014-12-15,33.3550
2014-12-12,34.0000
2014-12-11,35.1900
2014-12-10,34.8600
2014-12-09,35.6550
2014-12-08,36.0200
2014-12-05,36.4900
2014-12-04,36.0700
2014-12-03,36.1000
2014-12-02,35.6050
2014-12-01,34.9900
2014-11-28,35.9500
2014-11-26,35.6200
2014-11-25,34.8000
2014-11-24,34.7300
2014-11-21,34.3000
2014-11-20,33.2100
2014-11-19,32.9600
2014-11-18,32.8700
2014-11-17,32.2900
2014-11-14,32.6200
2014-11-13,32.9400
2014-11-12,32.9100
2014-11-11,33.2000
2014-11-10,33.0900
2014-11-07,33.0100
2014-11-06,33.3500
2014-11-05,33.7100
2014-11-04,33.3700
2014-11-03,33.5100
2014-10-31,33.0900
2014-10-30,31.8200
2014-10-29,32.2800
2014-10-28,32.6100
2014-10-27,32.3000
2014-10-24,31.0600
2014-10-23,30.8900
2014-10-22,30.5700
2014-10-21,31.1900
2014-10-20,29.6900
2014-10-17,28.7650
2014-10-16,28.3000
2014-10-15,27.5400
2014-10-14,27.3900
2014-10-13,27.0300
2014-10-10,27.7900
2014-10-09,30.6400
2014-10-08,32.3200
2014-10-07,31.8650
2014-10-06,32.5700
2014-10-03,33.9400
2014-10-02,33.8100
2014-10-01,33.5000
2014-09-30,34.2600
2014-09-29,34.5000
2014-09-26,33.8300
2014-09-25,31.7000
2014-09-24,32.2200
2014-09-23,31.2000
2014-09-22,30.6000
2014-09-19,31.6300
2014-09-18,32.4800
2014-09-17,31.9800
2014-09-16,31.4500
2014-09-15,30.0200
2014-09-12,31.5250
2014-09-11,32.0400
2014-09-10,32.0900
2014-09-09,31.9800
2014-09-08,33.1350
2014-09-05,32.9400
2014-09-04,32.1200
2014-09-03,31.6800
2014-09-02,31.5100
2014-08-29,32.6000
2014-08-28,32.8100
2014-08-27,32.9950
2014-08-26,32.8800
2014-08-25,33.2100
2014-08-22,33.2900
2014-08-21,33.1900
2014-08-20,33.3000
2014-08-19,32.4000
2014-08-18,32.0400
2014-08-15,31.4900
2014-08-14,31.0400
2014-08-13,31.3800
2014-08-12,30.7000
2014-08-11,30.7400
2014-08-08,30.0400
2014-08-07,29.6800
2014-08-06,30.6800
2014-08-05,31.0900
2014-08-04,31.6900
2014-08-01,31.0900
2014-07-31,30.5500
2014-07-30,32.5300
2014-07-29,32.1300
2014-07-28,31.9800
2014-07-25,33.4200
2014-07-24,33.8800
2014-07-23,33.6800
2014-07-22,33.6300
2014-07-21,33.0700
2014-07-18,33.1500
2014-07-17,33.0501
2014-07-16,34.6400
2014-07-15,34.0200
2014-07-14,33.5900
2014-07-11,32.8000
2014-07-10,32.7700
2014-07-09,32.8900
2014-07-08,33.1300
2014-07-07,32.8600
2014-07-03,33.7300
2014-07-02,33.7600
2014-07-01,33.9800
2014-06-30,32.9500
2014-06-27,31.5100
2014-06-26,32.0000
2014-06-25,32.3400
2014-06-24,32.5000
2014-06-23,31.2600
2014-06-20,31.8500
2014-06-19,31.8100
2014-06-18,32.0600
2014-06-17,32.2500
2014-06-16,31.9100
2014-06-13,31.1700
2014-06-12,30.8550
2014-06-11,30.9900
2014-06-10,29.5100
2014-06-09,29.0000
2014-06-06,29.5400
2014-06-05,29.0400
2014-06-04,28.9700
2014-06-03,28.6700
2014-06-02,28.6600
2014-05-30,28.5900
2014-05-29,28.5790
2014-05-28,28.6100
2014-05-27,28.0600
2014-05-23,27.3300
2014-05-22,27.1700
2014-05-21,26.9900
2014-05-20,26.5500
2014-05-19,26.9400
2014-05-16,26.0300
2014-05-15,25.8600
2014-05-14,26.8600
2014-05-13,27.6300
2014-05-12,27.5100
2014-05-09,26.8400
2014-05-08,26.9300
2014-05-07,26.4150
2014-05-06,26.6800
2014-05-05,26.7400
2014-05-02,26.3100
2014-05-01,26.2500
2014-04-30,26.1200
2014-04-29,25.1000
2014-04-28,24.5800
2014-04-25,25.2600
2014-04-24,26.1600
2014-04-23,26.2500
2014-04-22,26.1800
2014-04-21,25.3200
2014-04-17,23.9100
2014-04-16,22.4800
2014-04-15,22.1700
2014-04-14,21.9000
2014-04-11,21.1300
2014-04-10,21.6800
2014-04-09,22.6000
2014-04-08,22.2100
2014-04-07,21.7100
2014-04-04,22.5800
2014-04-03,24.0000
2014-04-02,24.3500
2014-04-01,24.4400
2014-03-31,23.6600
2014-03-28,21.9100
2014-03-27,22.2400
2014-03-26,22.8300
2014-03-25,23.5300
2014-03-24,23.4800
2014-03-21,23.6600
2014-03-20,24.0100
2014-03-19,23.9800
2014-03-18,24.4900
2014-03-17,23.9300
2014-03-14,23.9600
2014-03-13,24.1100
2014-03-12,24.8400
2014-03-11,24.6700
2014-03-10,24.8500
2014-03-07,24.4200
2014-03-06,24.7700
2014-03-05,24.8300
2014-03-04,25.1100
2014-03-03,24.4800
2014-02-28,24.1900
2014-02-27,24.1900
2014-02-26,24.2200
2014-02-25,24.2550
2014-02-24,24.7500
2014-02-21,25.0800
2014-02-20,25.4900
2014-02-19,25.4200
2014-02-18,25.4200
2014-02-14,25.0800
2014-02-13,24.9100
2014-02-12,24.8900
2014-02-11,24.7100
2014-02-10,24.8700
2014-02-07,24.5100
2014-02-06,24.1100
2014-02-05,23.3100
2014-02-04,23.0000
2014-02-03,22.8100
2014-01-31,23.0400
2014-01-30,23.4500
2014-01-29,22.7100
2014-01-28,23.0500
2014-01-27,22.9000
2014-01-24,22.9200
2014-01-23,23.6400
2014-01-22,23.6500
2014-01-21,23.1200
2014-01-17,22.3800
2014-01-16,23.1300
2014-01-15,23.3300
2014-01-14,23.6700
2014-01-13,23.3300
2014-01-10,23.7100
2014-01-09,23.2400
2014-01-08,23.8700
2014-01-07,21.7300
2014-01-06,20.6700
2014-01-03,20.9700
2014-01-02,21.6600
2013-12-31,21.7500
2013-12-30,21.3000
2013-12-27,21.5200
2013-12-26,21.7400
2013-12-24,21.8200
2013-12-23,21.4900
2013-12-20,22.1700
2013-12-19,21.6200
2013-12-18,21.8100
2013-12-17,22.9200
2013-12-16,22.7700
2013-12-13,23.0800
2013-12-12,22.5400
2013-12-11,22.5000
2013-12-10,23.1400
2013-12-09,23.1200
2013-12-06,22.3100
2013-12-05,21.6500
2013-12-04,21.7590
2013-12-03,21.8300
2013-12-02,21.2700
2013-11-29,21.1000
2013-11-27,21.1700
2013-11-26,20.3100
2013-11-25,19.8600
2013-11-22,20.1900
2013-11-21,19.9900
2013-11-20,18.8000
2013-11-19,19.0600
2013-11-18,19.2900
2013-11-15,19.4610
2013-11-14,19.1900
2013-11-13,18.9200
2013-11-12,18.6300
2013-11-11,18.2700
2013-11-08,18.1050
2013-11-07,17.7190
2013-11-06,17.5000
2013-11-05,17.6700
2013-11-04,17.8900
2013-11-01,17.5750
2013-10-31,17.6800
2013-10-30,17.3900
2013-10-29,17.4950
2013-10-28,16.7200
2013-10-25,16.5800
2013-10-24,16.8300
2013-10-23,16.5510
2013-10-22,16.7600
2013-10-21,16.5650
2013-10-18,17.0290
2013-10-17,17.1450
2013-10-16,16.9600
2013-10-15,16.9200
2013-10-14,17.0700
2013-10-11,16.8400
2013-10-10,18.4300
2013-10-09,18.1500
2013-10-08,17.9250
2013-10-07,18.4850
2013-10-04,18.4700
2013-10-03,18.0150
2013-10-02,17.6650
2013-10-01,17.6100
2013-09-30,17.4690
2013-09-27,17.6200
2013-09-26,17.4700
2013-09-25,16.9700
2013-09-24,17.0400
2013-09-23,17.0500
2013-09-20,17.2300
2013-09-19,17.1610
2013-09-18,17.2650
2013-09-17,16.8400
2013-09-16,16.4400
2013-09-13,16.2050
2013-09-12,16.2000
2013-09-11,16.4900
2013-09-10,16.2600
2013-09-09,15.6150
2013-09-06,15.2600
2013-09-05,15.1700
2013-09-04,14.7530
2013-09-03,14.0100
2013-08-30,13.5700
2013-08-29,13.5700
2013-08-28,13.2400
2013-08-27,13.1790
2013-08-26,13.7800
2013-08-23,13.8600
2013-08-22,13.8600
2013-08-21,13.6300
2013-08-20,13.8000
2013-08-19,13.8000
2013-08-16,14.0050
2013-08-15,14.1300
2013-08-14,14.8200
2013-08-13,14.9700
2013-08-12,13.8300
2013-08-09,13.9900
2013-08-08,13.9500
2013-08-07,13.8100
2013-08-06,14.1400
2013-08-05,14.1740
2013-08-02,13.5000
2013-08-01,13.5750
2013-07-31,13.2400
2013-07-30,12.6000
2013-07-29,12.4700
2013-07-26,12.5900
2013-07-25,13.2900
2013-07-24,13.1050
2013-07-23,13.6400
2013-07-22,13.8300
2013-07-19,13.7300
2013-07-18,13.6900
2013-07-17,13.5900
2013-07-16,13.3800
2013-07-15,13.0700
2013-07-12,12.6900
2013-07-11,12.7000
2013-07-10,12.5500
2013-07-09,13.1350
2013-07-08,14.0300
2013-07-05,14.3100
2013-07-03,14.1400
2013-07-02,14.3100
2013-07-01,14.2700
2013-06-28,14.3300
2013-06-27,14.3400
2013-06-26,14.1750
2013-06-25,13.7500
2013-06-24,13.4600
2013-06-21,13.9000
2013-06-20,13.5350
2013-06-19,13.9700
2013-06-18,13.7500
2013-06-17,13.2400
2013-06-14,12.7600
2013-06-13,12.9100
2013-06-12,12.4890
2013-06-11,12.8100
2013-06-10,12.9500
2013-06-07,12.6500
2013-06-06,12.3500
2013-06-05,12.0200
2013-06-04,11.7100
2013-06-03,11.7300
2013-05-31,11.6800
2013-05-30,11.8900
2013-05-29,11.8300
2013-05-28,11.7800
2013-05-24,11.5900
2013-05-23,11.3900
2013-05-22,10.9200
2013-05-21,11.2300
2013-05-20,11.2100
2013-05-17,11.3100
2013-05-16,11.0600
2013-05-15,10.8700
2013-05-14,10.6500
2013-05-13,10.6600
2013-05-10,10.8200
2013-05-09,10.7110
2013-05-08,10.2350
2013-05-07,9.9700
2013-05-06,9.7600
2013-05-03,9.6300
2013-05-02,9.3200
2013-05-01,9.2000
2013-04-30,9.4200
2013-04-29,9.3500
2013-04-26,9.4300
2013-04-25,9.5300
2013-04-24,9.4150
2013-04-23,9.4200
2013-04-22,9.3100
2013-04-19,9.3500
2013-04-18,9.2300
2013-04-17,9.3900
2013-04-16,9.8700
2013-04-15,9.5600
2013-04-12,10.0100
2013-04-11,9.9800
2013-04-10,10.0850
2013-04-09,9.5700
2013-04-08,9.3900
2013-04-05,9.3100
2013-04-04,9.3100
2013-04-03,9.1000
2013-04-02,9.3000
2013-04-01,9.3800
2013-03-28,9.9750
2013-03-27,9.9600
2013-03-26,9.9200
2013-03-25,9.8800
2013-03-22,10.0400
2013-03-21,9.0700
2013-03-20,9.3100
2013-03-19,9.2400
2013-03-18,9.1800
2013-03-15,9.3700
2013-03-14,9.6850
2013-03-13,9.5100
2013-03-12,9.3200
2013-03-11,9.3450
2013-03-08,9.2000
2013-03-07,8.9400
2013-03-06,8.6500
2013-03-05,8.7300
2013-03-04,8.4000
2013-03-01,8.2500
2013-02-28,8.3750
2013-02-27,8.1800
2013-02-26,7.9550
2013-02-25,7.9300
2013-02-22,8.0200
2013-02-21,7.6800
2013-02-20,7.8750
2013-02-19,8.1200
2013-02-15,7.9100
2013-02-14,8.0800
2013-02-13,7.9500
2013-02-12,7.9200
2013-02-11,7.9100
2013-02-08,7.7500
2013-02-07,7.7300
2013-02-06,7.9500
2013-02-05,7.8700
2013-02-04,7.7600
2013-02-01,7.8300
2013-01-31,7.5600
2013-01-30,7.6500
2013-01-29,7.5800
2013-01-28,7.8200
2013-01-25,7.8700
2013-01-24,7.8300
2013-01-23,7.7800
2013-01-22,7.8400
2013-01-18,7.8850
2013-01-17,7.8100
2013-01-16,7.6700
2013-01-15,7.6000
2013-01-14,7.6000
2013-01-11,7.5400
2013-01-10,7.4200
2013-01-09,7.3100
2013-01-08,7.2300
2013-01-07,7.1800
2013-01-04,6.9600
2013-01-03,6.8998
2013-01-02,6.6300
2012-12-31,6.3400
2012-12-28,6.1300
2012-12-27,6.2200
2012-12-26,6.1750
2012-12-24,6.2300
2012-12-21,6.3200
2012-12-20,6.7900
2012-12-19,6.8200
2012-12-18,6.7000
2012-12-17,6.6050
2012-12-14,6.8500
2012-12-13,6.6600
2012-12-12,6.7099
2012-12-11,6.7700
2012-12-10,6.6700
2012-12-07,6.4350
2012-12-06,6.4100
2012-12-05,6.1800
2012-12-04,6.0350
2012-12-03,5.9300
2012-11-30,5.9650
2012-11-29,5.9100
2012-11-28,5.7700
2012-11-27,5.6800
2012-11-26,5.6950
2012-11-23,5.6800
2012-11-21,5.5200
2012-11-20,5.5550
2012-11-19,5.5350
2012-11-16,5.4700
2012-11-15,5.4700
2012-11-14,5.5550
2012-11-13,5.7400
2012-11-12,5.5650
2012-11-09,5.6200
2012-11-08,5.6900
2012-11-07,5.9100
2012-11-06,6.0900
2012-11-05,5.8400
2012-11-02,5.7100
2012-11-01,5.7850
2012-10-31,5.4250
2012-10-26,5.4700
2012-10-25,5.6900
2012-10-24,5.1700
2012-10-23,5.4100
2012-10-22,5.4400
2012-10-19,5.4500
2012-10-18,5.6500
2012-10-17,5.7800
2012-10-16,5.7800
2012-10-15,5.7200
2012-10-12,5.6700
2012-10-11,5.7500
2012-10-10,5.7600
2012-10-09,5.7550
2012-10-08,5.8470
2012-10-05,5.8900
2012-10-04,5.8750
2012-10-03,5.8400
2012-10-02,5.8400
2012-10-01,5.7700
2012-09-28,5.9800
2012-09-27,6.0150
2012-09-26,5.9400
2012-09-25,6.1050
2012-09-24,6.2550
2012-09-21,6.3600
2012-09-20,6.4500
2012-09-19,6.6500
2012-09-18,6.4800
2012-09-17,6.5700
2012-09-14,6.7000
2012-09-13,6.6000
2012-09-12,6.4700
2012-09-11,6.3600
2012-09-10,6.4100
2012-09-07,6.4200
2012-09-06,6.6750
2012-09-05,6.1900
2012-09-04,6.0900
2012-08-31,6.2100
2012-08-30,6.1800
2012-08-29,6.2000
2012-08-28,6.2000
2012-08-27,6.2300
2012-08-24,6.3000
2012-08-23,6.2550
2012-08-22,6.3200
2012-08-21,6.4600
2012-08-20,6.4900
2012-08-17,6.5700
2012-08-16,6.6100
2012-08-15,6.4900
2012-08-14,6.5500
2012-08-13,6.7150
2012-08-10,6.7600
2012-08-09,6.8100
2012-08-08,6.8900
2012-08-07,6.8200
2012-08-06,6.5700
2012-08-03,6.3300
2012-08-02,6.1600
2012-08-01,6.2700
2012-07-31,6.2100
2012-07-30,6.1100
2012-07-27,6.2750
2012-07-26,5.9550
2012-07-25,5.8400
2012-07-24,5.7250
2012-07-23,5.6200
2012-07-20,5.8250
2012-07-19,5.7750
2012-07-18,5.8400
2012-07-17,5.7700
2012-07-16,6.0000
2012-07-13,6.1300
2012-07-12,6.1300
2012-07-11,6.2100
2012-07-10,6.1600
2012-07-09,6.4900
2012-07-06,6.7150
2012-07-05,6.8100
2012-07-03,6.8900
2012-07-02,6.5500
2012-06-29,6.3100
2012-06-28,5.9700
2012-06-27,5.7200
2012-06-26,5.6300
2012-06-25,5.5900
2012-06-22,5.7400
2012-06-21,5.6450
2012-06-20,6.1200
2012-06-19,6.1000
2012-06-18,5.9400
2012-06-15,5.8900
2012-06-14,5.7550
2012-06-13,5.8550
2012-06-12,5.9200
2012-06-11,5.7050
2012-06-08,5.8800
2012-06-07,5.6700
2012-06-06,5.7500
2012-06-05,5.5950
2012-06-04,5.3900
2012-06-01,5.4500
2012-05-31,5.8400
2012-05-30,5.9900
2012-05-29,6.1200
2012-05-25,5.9600
2012-05-24,5.7400
2012-05-23,5.7500
2012-05-22,5.7100
2012-05-21,5.7800
2012-05-18,5.6250
2012-05-17,5.9500
2012-05-16,6.1500
2012-05-15,6.0200
2012-05-14,6.2100
2012-05-11,6.3600
2012-05-10,6.2900
2012-05-09,6.3600
2012-05-08,6.2400
2012-05-07,6.5000
2012-05-04,6.5500
2012-05-03,6.4700
2012-05-02,6.8200
2012-05-01,6.6800
2012-04-30,6.5900
2012-04-27,6.5700
2012-04-26,6.6000
2012-04-25,6.5200
2012-04-24,6.5100
2012-04-23,6.6300
2012-04-20,6.6400
2012-04-19,7.0050
2012-04-18,7.0700
2012-04-17,7.2400
2012-04-16,7.1150
2012-04-13,6.9600
2012-04-12,7.1450
2012-04-11,7.1650
2012-04-10,7.1500
2012-04-09,7.3500
2012-04-05,7.5900
2012-04-04,7.6600
2012-04-03,7.9900
2012-04-02,8.0950
2012-03-30,8.0950
2012-03-29,8.4200
2012-03-28,8.6400
2012-03-27,8.5750
2012-03-26,8.2500
2012-03-23,8.4000
2012-03-22,8.7100
2012-03-21,8.7400
2012-03-20,8.5700
2012-03-19,8.6300
2012-03-16,8.8200
2012-03-15,8.8300
2012-03-14,8.5800
2012-03-13,8.4900
2012-03-12,8.0800
2012-03-09,8.3300
2012-03-08,8.1600
2012-03-07,8.0900
2012-03-06,8.0000
2012-03-05,8.2000
2012-03-02,8.6450
2012-03-01,8.7100
2012-02-29,8.5500
2012-02-28,8.8800
2012-02-27,8.5600
2012-02-24,7.9500
2012-02-23,7.8200
2012-02-22,8.0400
2012-02-21,8.2100
2012-02-17,8.4300
2012-02-16,8.4600
2012-02-15,8.2800
2012-02-14,8.3400
2012-02-13,7.8500
2012-02-10,7.9050
2012-02-09,8.1600
2012-02-08,8.1650
2012-02-07,7.8750
2012-02-06,7.7250
2012-02-03,7.9500
2012-02-02,7.7200
2012-02-01,7.7000
2012-01-31,7.5950
2012-01-30,7.5600
2012-01-27,7.4300
2012-01-26,7.5500
2012-01-25,7.8600
2012-01-24,7.9500
2012-01-23,7.8650
2012-01-20,7.7600
2012-01-19,7.8800
2012-01-18,7.6500
2012-01-17,7.1600
2012-01-13,7.2300
2012-01-12,7.2700
2012-01-11,7.2200
2012-01-10,7.2500
2012-01-09,7.2900
2012-01-06,7.2000
2012-01-05,7.1600
2012-01-04,6.9900
2012-01-03,6.7550
2011-12-30,6.2900
2011-12-29,6.2700
2011-12-28,6.1700
2011-12-27,6.2500
2011-12-23,6.3950
2011-12-22,6.4100
2011-12-21,5.5400
2011-12-20,5.7900
2011-12-19,5.4450
2011-12-16,5.6800
2011-12-15,5.5500
2011-12-14,5.4500
2011-12-13,5.6100
2011-12-12,5.8200
2011-12-09,5.8900
2011-12-08,5.8200
2011-12-07,6.0600
2011-12-06,5.6500
2011-12-05,5.7300
2011-12-02,5.8000
2011-12-01,5.8900
2011-11-30,5.9900
2011-11-29,5.6400
2011-11-28,5.6200
2011-11-25,5.5000
2011-11-23,5.7100
2011-11-22,6.1000
2011-11-21,6.0900
2011-11-18,6.2900
2011-11-17,6.3300
2011-11-16,6.7400
2011-11-15,5.4600
2011-11-14,5.3500
2011-11-11,5.4300
2011-11-10,5.1800
2011-11-09,5.3500
2011-11-08,5.9100
2011-11-07,5.8500
2011-11-04,5.8900
2011-11-03,5.8400
2011-11-02,5.4300
2011-11-01,5.2900
2011-10-31,5.5900
2011-10-28,5.8800
2011-10-27,5.7000
2011-10-26,5.4650
2011-10-25,5.4900
2011-10-24,5.6600
2011-10-21,5.4600
2011-10-20,5.5900
2011-10-19,5.5300
2011-10-18,5.7700
2011-10-17,5.4350
2011-10-14,5.7000
2011-10-13,5.5200
2011-10-12,5.2000
2011-10-11,5.2000
2011-10-10,5.1600
2011-10-07,4.9500
2011-10-06,4.9600
2011-10-05,4.9500
2011-10-04,4.5200
2011-10-03,4.3300
2011-09-30,5.0400
2011-09-29,5.8700
2011-09-28,6.1150
2011-09-27,6.4600
2011-09-26,6.5800
2011-09-23,6.6500
2011-09-22,6.4300
2011-09-21,6.6050
2011-09-20,6.8500
2011-09-19,6.8800
2011-09-16,7.0300
2011-09-15,7.0400
2011-09-14,7.2000
2011-09-13,6.8600
2011-09-12,6.6850
2011-09-09,6.3500
2011-09-08,6.2450
2011-09-07,6.0600
2011-09-06,5.6700
2011-09-02,5.5000
2011-09-01,5.7400
2011-08-31,5.9100
2011-08-30,5.9500
2011-08-29,6.1450
2011-08-26,5.6600
2011-08-25,5.3800
2011-08-24,5.3000
2011-08-23,5.6600
2011-08-22,5.2600
2011-08-19,5.2500
2011-08-18,5.6400
2011-08-17,6.1100
2011-08-16,6.2900
2011-08-15,6.4800
2011-08-12,6.1800
2011-08-11,6.3700
2011-08-10,5.7200
2011-08-09,6.1900
2011-08-08,5.7100
2011-08-05,6.3100
2011-08-04,6.4000
2011-08-03,6.9900
2011-08-02,7.0400
2011-08-01,7.4100
2011-07-29,7.3700
2011-07-28,7.4200
2011-07-27,7.4300
2011-07-26,7.8550
2011-07-25,7.8900
2011-07-22,8.0900
2011-07-21,7.6450
2011-07-20,7.6000
2011-07-19,7.5200
2011-07-18,7.2300
2011-07-15,7.4100
2011-07-14,7.2900
2011-07-13,7.4900
2011-07-12,7.3100
2011-07-11,7.4900
2011-07-08,7.6800
2011-07-07,7.8200
2011-07-06,7.5600
2011-07-05,7.7800
2011-07-01,7.8300
2011-06-30,7.4800
2011-06-29,7.4700
2011-06-28,7.3500
2011-06-27,7.3400
2011-06-24,7.2100
2011-06-23,8.4300
2011-06-22,8.1700
2011-06-21,8.1400
2011-06-20,7.9100
2011-06-17,7.8300
2011-06-16,7.8650
2011-06-15,8.0700
2011-06-14,8.4000
2011-06-13,8.2900
2011-06-10,8.4400
2011-06-09,8.4900
2011-06-08,8.5000
2011-06-07,8.9500
2011-06-06,9.0400
2011-06-03,9.1600
2011-06-02,9.4100
2011-06-01,9.5550
2011-05-31,10.2000
2011-05-27,10.0200
2011-05-26,9.7900
2011-05-25,9.6100
2011-05-24,9.6200
2011-05-23,9.7100
2011-05-20,10.0000
2011-05-19,10.1700
2011-05-18,10.0600
2011-05-17,9.9400
2011-05-16,10.5500
2011-05-13,10.4000
2011-05-12,10.6600
2011-05-11,10.4100
2011-05-10,10.6300
2011-05-09,10.4600
2011-05-06,10.8700
2011-05-05,10.9100
2011-05-04,10.7400
2011-05-03,10.9000
2011-05-02,11.2400
2011-04-29,11.3200
2011-04-28,11.4800
2011-04-27,11.7950
2011-04-26,11.6100
2011-04-25,11.3300
2011-04-21,11.5200
2011-04-20,11.3900
2011-04-19,10.5200
2011-04-18,10.4200
2011-04-15,10.7500
2011-04-14,10.6500
2011-04-13,10.6200
2011-04-12,10.5300
2011-04-11,10.7400
2011-04-08,11.0700
2011-04-07,11.1400
2011-04-06,11.2400
2011-04-05,11.0150
2011-04-04,11.1900
2011-04-01,11.3000
2011-03-31,11.4700
2011-03-30,11.5800
2011-03-29,11.7600
2011-03-28,11.5500
2011-03-25,11.5500
2011-03-24,11.5000
2011-03-23,10.6100
2011-03-22,10.3500
2011-03-21,10.3600
2011-03-18,10.0700
2011-03-17,10.2100
2011-03-16,10.0550
2011-03-15,10.4300
2011-03-14,10.3600
2011-03-11,10.2400
2011-03-10,9.9250
2011-03-09,10.3200
2011-03-08,10.8900
2011-03-07,11.0300
2011-03-04,11.6400
2011-03-03,11.5700
2011-03-02,11.0900
2011-03-01,10.9600
2011-02-28,11.1300
2011-02-25,11.4400
2011-02-24,10.9100
2011-02-23,10.5500
2011-02-22,10.9210
2011-02-18,11.7010
2011-02-17,11.8000
2011-02-16,11.6300
2011-02-15,11.6700
2011-02-14,11.6500
2011-02-11,11.3210
2011-02-10,11.3100
2011-02-09,11.2600
2011-02-08,11.4400
2011-02-07,11.2900
2011-02-04,11.0500
2011-02-03,10.8950
2011-02-02,10.8900
2011-02-01,10.8100
2011-01-31,10.5400
2011-01-28,10.3700
2011-01-27,10.5900
2011-01-26,9.9500
2011-01-25,9.9750
2011-01-24,10.0500
2011-01-21,9.8375
2011-01-20,9.6000
2011-01-19,9.3700
2011-01-18,9.6600
2011-01-14,9.7100
2011-01-13,9.6300
2011-01-12,9.3400
2011-01-11,8.7200
2011-01-10,8.5500
2011-01-07,8.6450
2011-01-06,8.5800
2011-01-05,8.5400
2011-01-04,8.4400
2011-01-03,8.2750
2010-12-31,8.0200
2010-12-30,7.9000
2010-12-29,7.7500
2010-12-28,7.7600
2010-12-27,7.8100
2010-12-23,7.9400
2010-12-22,8.2800
2010-12-21,8.1400
2010-12-20,8.1150
2010-12-17,8.2100
2010-12-16,8.0500
2010-12-15,7.9200
2010-12-14,8.0650
2010-12-13,8.1400
2010-12-10,8.2500
2010-12-09,8.1900
2010-12-08,7.9400
2010-12-07,7.9200
2010-12-06,7.9550
2010-12-03,7.9190
2010-12-02,7.9100
2010-12-01,7.3900
2010-11-30,7.2690
2010-11-29,7.5710
2010-11-26,7.6300
2010-11-24,7.7500
2010-11-23,7.4200
2010-11-22,7.3210
2010-11-19,7.3900
2010-11-18,7.2875
2010-11-17,7.1000
2010-11-16,7.2200
2010-11-15,7.4200
2010-11-12,7.7200
2010-11-11,7.8500
2010-11-10,7.8710
2010-11-09,7.9000
2010-11-08,8.2400
2010-11-05,8.6550
2010-11-04,8.5600
2010-11-03,8.0900
2010-11-02,8.1100
2010-11-01,8.1400
2010-10-29,8.2550
2010-10-28,7.9400
2010-10-27,7.9700
2010-10-26,7.7200
2010-10-25,7.8100
2010-10-22,7.6900
2010-10-21,7.5000
2010-10-20,7.6900
2010-10-19,7.3000
2010-10-18,7.5390
2010-10-15,7.6100
2010-10-14,7.5900
2010-10-13,7.6500
2010-10-12,7.7500
2010-10-11,7.6700
2010-10-08,7.5900
2010-10-07,7.1100
2010-10-06,6.9500
2010-10-05,6.9300
2010-10-04,6.9900
2010-10-01,7.2900
2010-09-30,7.2100
2010-09-29,7.2900
2010-09-28,7.1490
2010-09-27,7.0300
2010-09-24,7.1990
2010-09-23,6.6700
2010-09-22,6.7200
2010-09-21,6.8810
2010-09-20,6.9401
2010-09-17,6.7600
2010-09-16,7.1000
2010-09-15,6.9400
2010-09-14,7.2700
2010-09-13,7.0510
2010-09-10,6.5100
2010-09-09,6.8000
2010-09-08,6.6000
2010-09-07,6.7455
2010-09-03,7.0490
2010-09-02,6.8300
2010-09-01,6.7300
2010-08-31,6.4585
2010-08-30,6.5400
2010-08-27,6.8300
2010-08-26,6.7800
2010-08-25,7.1000
2010-08-24,7.0600
2010-08-23,7.3800
2010-08-20,7.1200
2010-08-19,7.1800
2010-08-18,7.4500
2010-08-17,7.3100
2010-08-16,7.1800
2010-08-13,7.2800
2010-08-12,7.3700
2010-08-11,7.1490
2010-08-10,7.2700
2010-08-09,7.5400
2010-08-06,7.5800
2010-08-05,7.7000
2010-08-04,7.6400
2010-08-03,7.4700
2010-08-02,7.6500
2010-07-30,7.2800
2010-07-29,7.7800
2010-07-28,8.2400
2010-07-27,8.4300
2010-07-26,8.5100
2010-07-23,8.4800
2010-07-22,8.5400
2010-07-21,8.1700
2010-07-20,8.4500
2010-07-19,8.4300
2010-07-16,8.2700
2010-07-15,8.6600
2010-07-14,8.7500
2010-07-13,8.7300
2010-07-12,8.5500
2010-07-09,8.5700
2010-07-08,8.6900
2010-07-07,8.8900
2010-07-06,8.3500
2010-07-02,8.2200
2010-07-01,8.3800
2010-06-30,8.4900
2010-06-29,8.6700
2010-06-28,10.0200
2010-06-25,9.4600
2010-06-24,9.6200
2010-06-23,9.8200
2010-06-22,9.6425
2010-06-21,9.9200
2010-06-18,10.0000
2010-06-17,9.9200
2010-06-16,9.9100
2010-06-15,9.6800
2010-06-14,8.9100
2010-06-11,8.9300
2010-06-10,8.7700
2010-06-09,8.5300
2010-06-08,8.5400
2010-06-07,8.3800
2010-06-04,8.8575
2010-06-03,9.2400
2010-06-02,9.1800
2010-06-01,8.6600
2010-05-28,9.0900
2010-05-27,9.4400
2010-05-26,8.6900
2010-05-25,8.8000
2010-05-24,8.7900
2010-05-21,8.9300
2010-05-20,8.7400
2010-05-19,8.9600
2010-05-18,9.0750
2010-05-17,9.1700
2010-05-14,8.9400
2010-05-13,9.1400
2010-05-12,9.3300
2010-05-11,8.8200
2010-05-10,9.0900
2010-05-07,8.5700
2010-05-06,8.7500
2010-05-05,9.2600
2010-05-04,9.5200
2010-05-03,9.8900
2010-04-30,9.3500
2010-04-29,10.2100
2010-04-28,10.2400
2010-04-27,10.3400
2010-04-26,10.9700
2010-04-23,11.0000
2010-04-22,10.9300
2010-04-21,10.7400
2010-04-20,10.7500
2010-04-19,10.7900
2010-04-16,10.9200
2010-04-15,11.1800
2010-04-14,11.3000
2010-04-13,10.7600
2010-04-12,10.8200
2010-04-09,10.7300
2010-04-08,10.5800
2010-04-07,10.5600
2010-04-06,10.2300
2010-04-05,10.6000
2010-04-01,10.1700
2010-03-31,10.3700
2010-03-30,10.7900
2010-03-29,10.6300
2010-03-26,10.4900
2010-03-25,10.3800
2010-03-24,10.4300
2010-03-23,10.5400
2010-03-22,10.3300
2010-03-19,9.9500
2010-03-18,10.1600
2010-03-17,10.4000
2010-03-16,10.2100
2010-03-15,9.7300
2010-03-12,9.9700
2010-03-11,9.8000
2010-03-10,9.8700
2010-03-09,9.4100
2010-03-08,9.5900
2010-03-05,9.4600
2010-03-04,9.4100
2010-03-03,9.4500
2010-03-02,9.5700
2010-03-01,9.7700
2010-02-26,9.0600
2010-02-25,9.0700
2010-02-24,9.0900
2010-02-23,8.6100
2010-02-22,8.9400
2010-02-19,8.9000
2010-02-18,8.7600
2010-02-17,8.7300
2010-02-16,8.6300
2010-02-12,8.4400
2010-02-11,8.5300
2010-02-10,8.5400
2010-02-09,9.0800
2010-02-08,8.9100
2010-02-05,8.7000
2010-02-04,8.6100
2010-02-03,9.0200
2010-02-02,9.3500
2010-02-01,9.1700
2010-01-29,8.7200
2010-01-28,9.4000
2010-01-27,9.7200
2010-01-26,9.4400
2010-01-25,9.3300
2010-01-22,9.1300
2010-01-21,9.8000
2010-01-20,9.9800
2010-01-19,10.2800
2010-01-15,10.1300
2010-01-14,10.7300
2010-01-13,10.4600
2010-01-12,10.2600
2010-01-11,10.9000
2010-01-08,11.1000
2010-01-07,10.8400
2010-01-06,11.2200
2010-01-05,11.1700
2010-01-04,10.8500
2009-12-31,10.5600
2009-12-30,10.6400
2009-12-29,10.3800
2009-12-28,10.0400
2009-12-24,10.1600
2009-12-23,9.9900
2009-12-22,9.4100
2009-12-21,9.3100
2009-12-18,8.7800
2009-12-17,8.7300
2009-12-16,8.8000
2009-12-15,8.8100
2009-12-14,8.9900
2009-12-11,8.6400
2009-12-10,8.7200
2009-12-09,8.5900
2009-12-08,8.6000
2009-12-07,8.5300
2009-12-04,8.4500
2009-12-03,8.3700
2009-12-02,8.1600
2009-12-01,7.7700
2009-11-30,7.5200
2009-11-27,7.3000
2009-11-25,7.4600
2009-11-24,7.5300
2009-11-23,7.5200
2009-11-20,7.2600
2009-11-19,7.1200
2009-11-18,7.4800
2009-11-17,7.7200
2009-11-16,7.6400
2009-11-13,7.5100
2009-11-12,7.6100
2009-11-11,7.5200
2009-11-10,7.4000
2009-11-09,7.5100
2009-11-06,7.0800
2009-11-05,7.2400
2009-11-04,6.7300
2009-11-03,6.6500
2009-11-02,6.5800
2009-10-30,6.7900
2009-10-29,7.2500
2009-10-28,6.8300
2009-10-27,7.0500
2009-10-26,7.3800
2009-10-23,7.4500
2009-10-22,7.6000
2009-10-21,7.6400
2009-10-20,8.0300
2009-10-19,8.0500
2009-10-16,7.9500
2009-10-15,8.6500
2009-10-14,8.9100
2009-10-13,8.6600
2009-10-12,8.8800
2009-10-09,8.7800
2009-10-08,8.2200
2009-10-07,8.2200
2009-10-06,7.8900
2009-10-05,7.9700
2009-10-02,7.4600
2009-10-01,7.5100
2009-09-30,8.2000
2009-09-29,8.4000
2009-09-28,8.4400
2009-09-25,8.1000
2009-09-24,8.1100
2009-09-23,8.5400
2009-09-22,8.6300
2009-09-21,8.3300
2009-09-18,8.2000
2009-09-17,8.2200
2009-09-16,8.5000
2009-09-15,8.1500
2009-09-14,7.9200
2009-09-11,7.8700
2009-09-10,8.1300
2009-09-09,7.8000
2009-09-08,7.7500
2009-09-04,7.3500
2009-09-03,7.1700
2009-09-02,6.9900
2009-09-01,7.0200
2009-08-31,7.3700
2009-08-28,7.5600
2009-08-27,7.2000
2009-08-26,7.2500
2009-08-25,7.2000
2009-08-24,7.0900
2009-08-21,7.1400
2009-08-20,6.7900
2009-08-19,6.6800
2009-08-18,6.7900
2009-08-17,6.5700
2009-08-14,6.7200
2009-08-13,7.0100
2009-08-12,6.7600
2009-08-11,6.8000
2009-08-10,6.6300
2009-08-07,6.8300
2009-08-06,6.7900
2009-08-05,6.7400
2009-08-04,6.7600
2009-08-03,6.7700
2009-07-31,6.3900
2009-07-30,6.1600
2009-07-29,6.1800
2009-07-28,6.4000
2009-07-27,6.3300
2009-07-24,6.2700
2009-07-23,6.2000
2009-07-22,6.1600
2009-07-21,5.8500
2009-07-20,5.8900
2009-07-17,5.7500
2009-07-16,5.7500
2009-07-15,5.5800
2009-07-14,5.3200
2009-07-13,5.2100
2009-07-10,5.0800
2009-07-09,5.0400
2009-07-08,4.7200
2009-07-07,4.7000
2009-07-06,4.8900
2009-07-02,5.0000
2009-07-01,5.1800
2009-06-30,5.0600
2009-06-29,5.1100
2009-06-26,5.1000
2009-06-25,5.3000
2009-06-24,5.1400
2009-06-23,4.8500
2009-06-22,5.0200
2009-06-19,5.3300
2009-06-18,5.2600
2009-06-17,5.3000
2009-06-16,5.2000
2009-06-15,5.3200
2009-06-12,5.4700
2009-06-11,5.5900
2009-06-10,5.8600
2009-06-09,5.5800
2009-06-08,5.3000
2009-06-05,5.3000
2009-06-04,5.5000
2009-06-03,4.9700
2009-06-02,5.0700
2009-06-01,5.3200
2009-05-29,5.0600
2009-05-28,4.8600
2009-05-27,4.7700
2009-05-26,4.6500
2009-05-22,4.5100
2009-05-21,4.5800
2009-05-20,4.8000
2009-05-19,4.8500
2009-05-18,4.6800
2009-05-15,4.2400
2009-05-14,4.5500
2009-05-13,4.3200
2009-05-12,4.4200
2009-05-11,4.6600
2009-05-08,4.8500
2009-05-07,4.9200
2009-05-06,5.3890
2009-05-05,5.4400
2009-05-04,5.2700
2009-05-01,4.8900
2009-04-30,4.8800
2009-04-29,4.8400
2009-04-28,4.5600
2009-04-27,4.6600
2009-04-24,4.8600
2009-04-23,4.9200
2009-04-22,5.0300
2009-04-21,4.7000
2009-04-20,4.5900
2009-04-17,5.0000
2009-04-16,4.9800
2009-04-15,4.5000
2009-04-14,4.3000
2009-04-13,4.3900
2009-04-09,4.4500
2009-04-08,4.2800
2009-04-07,4.3100
2009-04-06,4.5200
2009-04-03,4.5000
2009-04-02,4.6300
2009-04-01,4.1800
2009-03-31,4.0600
2009-03-30,3.8800
2009-03-27,4.1700
2009-03-26,4.2200
2009-03-25,3.7100
2009-03-24,3.6500
2009-03-23,3.8100
2009-03-20,3.4300
2009-03-19,3.6700
2009-03-18,3.7700
2009-03-17,3.6800
2009-03-16,3.6500
2009-03-13,3.6400
2009-03-12,3.5000
2009-03-11,3.2000
2009-03-10,2.8800
2009-03-09,2.5800
2009-03-06,2.9100
2009-03-05,3.1500
2009-03-04,3.2000
2009-03-03,3.0900
2009-03-02,3.0100
2009-02-27,3.2200
2009-02-26,3.2900
2009-02-25,3.2200
2009-02-24,3.2200
2009-02-23,2.8100
2009-02-20,2.8100
2009-02-19,3.0000
2009-02-18,3.2000
2009-02-17,3.3000
2009-02-13,3.7300
2009-02-12,3.9400
2009-02-11,3.8800
2009-02-10,4.0200
2009-02-09,4.3200
2009-02-06,4.0800
2009-02-05,4.0700
2009-02-04,3.9000
2009-02-03,3.7600
2009-02-02,3.6000
2009-01-30,3.7200
2009-01-29,3.5700
2009-01-28,3.7600
2009-01-27,3.4900
2009-01-26,3.4000
2009-01-23,3.5600
2009-01-22,3.2500
2009-01-21,3.4400
2009-01-20,3.0800
2009-01-16,3.4000
2009-01-15,2.9900
2009-01-14,2.9300
2009-01-13,3.1500
2009-01-12,3.1600
2009-01-09,3.2900
2009-01-08,3.4100
2009-01-07,3.2800
2009-01-06,3.4700
2009-01-05,3.3200
2009-01-02,2.8400
2008-12-31,2.6400
2008-12-30,2.4400
2008-12-29,2.3600
2008-12-26,2.5900
2008-12-24,2.5900
2008-12-23,2.3600
2008-12-22,2.6100
2008-12-19,2.9900
2008-12-18,2.6100
2008-12-17,2.1700
2008-12-16,2.0300
2008-12-15,1.9000
2008-12-12,2.0700
2008-12-11,1.8500
2008-12-10,2.0700
2008-12-09,2.2000
2008-12-08,2.0800
2008-12-05,2.0400
2008-12-04,1.8100
2008-12-03,1.9900
2008-12-02,2.0900
2008-12-01,2.2400
2008-11-28,2.7400
2008-11-26,2.3900
2008-11-25,2.2600
2008-11-24,2.1000
2008-11-21,1.8700
2008-11-20,1.6900
2008-11-19,2.0700
2008-11-18,2.4600
2008-11-17,2.5700
2008-11-14,2.7500
2008-11-13,3.1000
2008-11-12,3.1000
2008-11-11,3.7300
2008-11-10,3.9900
2008-11-07,4.4800
2008-11-06,4.3800
2008-11-05,4.8000
2008-11-04,4.9800
2008-11-03,4.6800
2008-10-31,4.7100
2008-10-30,4.4300
2008-10-29,3.8800
2008-10-28,3.7400
2008-10-27,3.3900
2008-10-24,3.5500
2008-10-23,3.9200
2008-10-22,4.3400
2008-10-21,4.4700
2008-10-20,4.4500
2008-10-17,4.1200
2008-10-16,4.0500
2008-10-15,4.0600
2008-10-14,4.5100
2008-10-13,4.2100
2008-10-10,3.5500
2008-10-09,3.8800
2008-10-08,3.8700
2008-10-07,3.9100
2008-10-06,4.0600
2008-10-03,4.4400
2008-10-02,4.4800
2008-10-01,4.3000
2008-09-30,4.0500
2008-09-29,4.0300
2008-09-26,4.6500
2008-09-25,4.6700
2008-09-24,4.3600
2008-09-23,4.0900
2008-09-22,4.3300
2008-09-19,4.8400
2008-09-18,4.2600
2008-09-17,3.9000
2008-09-16,4.0000
2008-09-15,4.3400
2008-09-12,5.1300
2008-09-11,4.9200
2008-09-10,4.9100
2008-09-09,4.4100
2008-09-08,4.4100
2008-09-05,4.3600
2008-09-04,4.1700
2008-09-03,4.3200
2008-09-02,4.2200
2008-08-29,4.2400
2008-08-28,4.2900
2008-08-27,4.2600
2008-08-26,4.2400
2008-08-25,4.4900
2008-08-22,4.6900
2008-08-21,4.6800
2008-08-20,4.7000
2008-08-19,4.9000
2008-08-18,5.0900
2008-08-15,5.3900
2008-08-14,5.3700
2008-08-13,5.1000
2008-08-12,5.2700
2008-08-11,5.3900
2008-08-08,5.2700
2008-08-07,5.1000
2008-08-06,4.9800
2008-08-05,4.7300
2008-08-04,4.7500
2008-08-01,4.6700
2008-07-31,4.8300
2008-07-30,4.7500
2008-07-29,4.6800
2008-07-28,4.5800
2008-07-25,4.9700
2008-07-24,4.9100
2008-07-23,5.1300
2008-07-22,5.1300
2008-07-21,5.6600
2008-07-18,5.7000
2008-07-17,5.4500
2008-07-16,5.5100
2008-07-15,5.2800
2008-07-14,5.2800
2008-07-11,5.4400
2008-07-10,5.4600
2008-07-09,5.4600
2008-07-08,5.5200
2008-07-07,5.4800
2008-07-03,5.7700
2008-07-02,5.9100
2008-07-01,5.7900
2008-06-30,6.0000
2008-06-27,6.1000
2008-06-26,6.9900
2008-06-25,7.5300
2008-06-24,7.4000
2008-06-23,7.0100
2008-06-20,7.2300
2008-06-19,7.4400
2008-06-18,7.1500
2008-06-17,7.4300
2008-06-16,7.7300
2008-06-13,7.6600
2008-06-12,7.3400
2008-06-11,7.3400
2008-06-10,7.8000
2008-06-09,8.0200
2008-06-06,8.2900
2008-06-05,8.5300
2008-06-04,8.4100
2008-06-03,8.1600
2008-06-02,8.2000
2008-05-30,8.0700
2008-05-29,8.0900
2008-05-28,8.2700
2008-05-27,8.1400
2008-05-23,8.2100
2008-05-22,8.1600
2008-05-21,8.3600
2008-05-20,8.2100
2008-05-19,8.7600
2008-05-16,8.8400
2008-05-15,8.8400
2008-05-14,8.5400
2008-05-13,8.3300
2008-05-12,8.3200
2008-05-09,8.3700
2008-05-08,8.2200
2008-05-07,8.1900
2008-05-06,8.2900
2008-05-05,8.2700
2008-05-02,8.2400
2008-05-01,8.1000
2008-04-30,7.7200
2008-04-29,7.8600
2008-04-28,7.8700
2008-04-25,7.6800
2008-04-24,7.7100
2008-04-23,7.5900
2008-04-22,7.4300
2008-04-21,7.4000
2008-04-18,7.4000
2008-04-17,7.2100
2008-04-16,7.1900
2008-04-15,6.7600
2008-04-14,6.7300
2008-04-11,6.9000
2008-04-10,6.9900
2008-04-09,6.7700
2008-04-08,6.5400
2008-04-07,6.6900
2008-04-04,6.7600
2008-04-03,6.7900
2008-04-02,6.3900
2008-04-01,6.0000
2008-03-31,5.9700
2008-03-28,5.4600
2008-03-27,5.5200
2008-03-26,5.5000
2008-03-25,5.7900
2008-03-24,5.8400
2008-03-20,5.9800
2008-03-19,5.8000
2008-03-18,5.9900
2008-03-17,6.0200
2008-03-14,6.1400
2008-03-13,6.4900
2008-03-12,6.5000
2008-03-11,6.8600
2008-03-10,6.4100
2008-03-07,6.8800
2008-03-06,6.7400
2008-03-05,7.0327
2008-03-04,6.9800
2008-03-03,7.1700
2008-02-29,7.5200
2008-02-28,7.5700
2008-02-27,7.8600
2008-02-26,7.7200
2008-02-25,7.7700
2008-02-22,7.5400
2008-02-21,7.3800
2008-02-20,7.8100
2008-02-19,7.5200
2008-02-15,7.1300
2008-02-14,7.1700
2008-02-13,7.3900
2008-02-12,7.0200
2008-02-11,6.8300
2008-02-08,6.6900
2008-02-07,7.1200
2008-02-06,6.9900
2008-02-05,7.8400
2008-02-04,7.8100
2008-02-01,7.8100
2008-01-31,6.9900
2008-01-30,6.9600
2008-01-29,6.8700
2008-01-28,6.6000
2008-01-25,6.5300
2008-01-24,6.9900
2008-01-23,6.7000
2008-01-22,6.2900
2008-01-18,6.4400
2008-01-17,6.0600
2008-01-16,5.9300
2008-01-15,5.7500
2008-01-14,6.2500
2008-01-11,6.0900
2008-01-10,6.2000
2008-01-09,6.2000
2008-01-08,6.1800
2008-01-07,6.3900
2008-01-04,6.4000
2008-01-03,6.9500
2008-01-02,7.0400
2007-12-31,7.2500
2007-12-28,7.2700
2007-12-27,7.3600
2007-12-26,7.5000
2007-12-24,7.5500
2007-12-21,7.5300
2007-12-20,7.9200
2007-12-19,7.8400
2007-12-18,7.8000
2007-12-17,7.8900
2007-12-14,8.3700
2007-12-13,8.4700
2007-12-12,8.6500
2007-12-11,8.6000
2007-12-10,8.9800
2007-12-07,9.0300
2007-12-06,9.2600
2007-12-05,8.9500
2007-12-04,8.6000
2007-12-03,8.3000
2007-11-30,8.3200
2007-11-29,8.2300
2007-11-28,8.4600
2007-11-27,7.9400
2007-11-26,8.0200
2007-11-23,8.3700
2007-11-21,8.0800
2007-11-20,8.5300
2007-11-19,8.8400
2007-11-16,9.1500
2007-11-15,9.2400
2007-11-14,9.3500
2007-11-13,9.4200
2007-11-12,9.3200
2007-11-09,9.6400
2007-11-08,9.3300
2007-11-07,9.4900
2007-11-06,9.9200
2007-11-05,10.1400
2007-11-02,10.4700
2007-11-01,10.3200
2007-10-31,10.5100
2007-10-30,10.3500
2007-10-29,9.9900
2007-10-26,9.7600
2007-10-25,9.4300
2007-10-24,9.7800
2007-10-23,9.9900
2007-10-22,9.9900
2007-10-19,10.0800
2007-10-18,10.5300
2007-10-17,10.3700
2007-10-16,10.4300
2007-10-15,10.4600
2007-10-12,10.4900
2007-10-11,10.5600
2007-10-10,10.7100
2007-10-09,10.6400
2007-10-08,10.7500
2007-10-05,10.8000
2007-10-04,10.6100
2007-10-03,10.7400
2007-10-02,11.7900
2007-10-01,11.3500
2007-09-28,11.1000
2007-09-27,11.3600
2007-09-26,10.7500
2007-09-25,10.4100
2007-09-24,10.5400
2007-09-21,10.7300
2007-09-20,10.7800
2007-09-19,10.9400
2007-09-18,11.1700
2007-09-17,10.9400
2007-09-14,11.0000
2007-09-13,11.2800
2007-09-12,11.2500
2007-09-11,11.6300
2007-09-10,11.6400
2007-09-07,11.4000
2007-09-06,11.5000
2007-09-05,11.3600
2007-09-04,11.6000
2007-08-31,11.4500
2007-08-30,11.2100
2007-08-29,11.2400
2007-08-28,11.0000
2007-08-27,11.2300
2007-08-24,11.0200
2007-08-23,11.1200
2007-08-22,11.4500
2007-08-21,11.3600
2007-08-20,10.9800
2007-08-17,10.9900
2007-08-16,10.6000
2007-08-15,11.0600
2007-08-14,11.5200
2007-08-13,11.9700
2007-08-10,12.2100
2007-08-09,12.5000
2007-08-08,12.0700
2007-08-07,11.5900
2007-08-06,11.6300
2007-08-03,11.6400
2007-08-02,11.8200
2007-08-01,12.1000
2007-07-31,11.8700
2007-07-30,12.0200
2007-07-27,11.8700
2007-07-26,12.1400
2007-07-25,13.0800
2007-07-24,13.0500
2007-07-23,13.4400
2007-07-20,13.4100
2007-07-19,13.6000
2007-07-18,13.6600
2007-07-17,13.8500
2007-07-16,13.9800
2007-07-13,13.7400
2007-07-12,13.7400
2007-07-11,13.8400
2007-07-10,13.5400
2007-07-09,13.4200
2007-07-06,13.4500
2007-07-05,12.8000
2007-07-03,12.6900
2007-07-02,12.4800
2007-06-29,12.5100
2007-06-28,12.4100
2007-06-27,12.6600
2007-06-26,12.4500
2007-06-25,12.6500
2007-06-22,12.8300
2007-06-21,13.2400
2007-06-20,12.7200
2007-06-19,12.4400
2007-06-18,12.5500
2007-06-15,12.5800
2007-06-14,12.2300
2007-06-13,11.9400
2007-06-12,11.9600
2007-06-11,11.9900
2007-06-08,12.3500
2007-06-07,11.9500
2007-06-06,12.2400
2007-06-05,12.4500
2007-06-04,12.5700
2007-06-01,12.6000
2007-05-31,12.1800
2007-05-30,11.9000
2007-05-29,11.9600
2007-05-25,11.9700
2007-05-24,11.8100
2007-05-23,11.5300
2007-05-22,11.3800
2007-05-21,11.4500
2007-05-18,11.4700
2007-05-17,11.5000
2007-05-16,12.1400
2007-05-15,12.0700
2007-05-14,12.2900
2007-05-11,12.3200
2007-05-10,12.1300
2007-05-09,12.3600
2007-05-08,11.8600
2007-05-07,11.9600
2007-05-04,11.9100
2007-05-03,11.3900
2007-05-02,11.4500
2007-05-01,11.3500
2007-04-30,11.4700
2007-04-27,11.6900
2007-04-26,11.9700
2007-04-25,11.7700
2007-04-24,11.5900
2007-04-23,11.2100
2007-04-20,11.1900
2007-04-19,11.1300
2007-04-18,11.1000
2007-04-17,10.9500
2007-04-16,11.0700
2007-04-13,11.2600
2007-04-12,11.4500
2007-04-11,11.3000
2007-04-10,11.2200
2007-04-09,11.1800
2007-04-05,11.5100
2007-04-04,12.0700
2007-04-03,12.2300
2007-04-02,12.1300
2007-03-30,12.0800
2007-03-29,11.8400
2007-03-28,12.0100
2007-03-27,12.0100
2007-03-26,11.6100
2007-03-23,11.5900
2007-03-22,11.6200
2007-03-21,11.6000
2007-03-20,11.2700
2007-03-19,11.2700
2007-03-16,11.4400
2007-03-15,11.5600
2007-03-14,11.5900
2007-03-13,11.2600
2007-03-12,11.4000
2007-03-09,11.4200
2007-03-08,11.3300
2007-03-07,11.4400
2007-03-06,11.7100
2007-03-05,11.6700
2007-03-02,11.8300
2007-03-01,11.8600
2007-02-28,11.8600
2007-02-27,11.9000
2007-02-26,12.3400
2007-02-23,12.3800
2007-02-22,12.1600
2007-02-21,11.9700
2007-02-20,12.1000
2007-02-16,12.3200
2007-02-15,12.5100
2007-02-14,12.5600
2007-02-13,12.2100
2007-02-12,12.2700
2007-02-09,12.5600
2007-02-08,12.9000
2007-02-07,12.9700
2007-02-06,13.0200
2007-02-05,13.1200
2007-02-02,13.1600
2007-02-01,12.8500
2007-01-31,12.9500
2007-01-30,12.9900
2007-01-29,13.0300
2007-01-26,13.2000
2007-01-25,13.0900
2007-01-24,13.2300
2007-01-23,12.9300
2007-01-22,13.0700
2007-01-19,13.2700
2007-01-18,13.2500
2007-01-17,13.6800
2007-01-16,13.9200
2007-01-12,14.2300
2007-01-11,13.8800
2007-01-10,14.0700
2007-01-09,13.6700
2007-01-08,13.7400
2007-01-05,13.5800
2007-01-04,13.7900
2007-01-03,14.0300
2006-12-29,13.9600
2006-12-28,14.0200
2006-12-27,14.0900
2006-12-26,13.9700
2006-12-22,13.9400
2006-12-21,13.4900
2006-12-20,13.4700
2006-12-19,13.3500
2006-12-18,13.5300
2006-12-15,13.7000
2006-12-14,13.8000
2006-12-13,13.7000
2006-12-12,13.9100
2006-12-11,14.2200
2006-12-08,14.6400
2006-12-07,14.6000
2006-12-06,14.8400
2006-12-05,14.9300
2006-12-04,14.5600
2006-12-01,14.4700
2006-11-30,14.6000
2006-11-29,14.4300
2006-11-28,14.5000
2006-11-27,14.5600
2006-11-24,14.7900
2006-11-22,15.0100
2006-11-21,14.6000
2006-11-20,14.4800
2006-11-17,14.5700
2006-11-16,14.7400
2006-11-15,14.8300
2006-11-14,14.9500
2006-11-13,14.2100
2006-11-10,14.0100
2006-11-09,13.5700
2006-11-08,14.0000
2006-11-07,14.3000
2006-11-06,14.3200
2006-11-03,13.9800
2006-11-02,13.8900
2006-11-01,14.1800
2006-10-31,14.4500
2006-10-30,14.4000
2006-10-27,14.1700
2006-10-26,14.7400
2006-10-25,14.5200
2006-10-24,14.2900
2006-10-23,14.4100
2006-10-20,14.2700
2006-10-19,14.4700
2006-10-18,14.4800
2006-10-17,14.5600
2006-10-16,15.2800
2006-10-13,15.0600
2006-10-12,15.1300
2006-10-11,15.1700
2006-10-10,15.1500
2006-10-09,15.3200
2006-10-06,15.1400
2006-10-05,17.5400
2006-10-04,18.0800
2006-10-03,17.4800
2006-10-02,17.5000
2006-09-29,17.4000
2006-09-28,17.4400
2006-09-27,17.6000
2006-09-26,17.7300
2006-09-25,17.8800
2006-09-22,17.4600
2006-09-21,17.7400
2006-09-20,17.5600
2006-09-19,17.7400
2006-09-18,18.1300
2006-09-15,18.0700
2006-09-14,17.7700
2006-09-13,18.0000
2006-09-12,18.4700
2006-09-11,18.5700
2006-09-08,17.8800
2006-09-07,16.9400
2006-09-06,16.9000
2006-09-05,17.3700
2006-09-01,17.3200
2006-08-31,17.2800
2006-08-30,17.5200
2006-08-29,17.2400
2006-08-28,16.5500
2006-08-25,16.2600
2006-08-24,16.0200
2006-08-23,16.0000
2006-08-22,16.1800
2006-08-21,16.3200
2006-08-18,16.5500
2006-08-17,16.6100
2006-08-16,16.7000
2006-08-15,16.4200
2006-08-14,15.7900
2006-08-11,15.7400
2006-08-10,16.0000
2006-08-09,15.5700
2006-08-08,15.4500
2006-08-07,15.5100
2006-08-04,15.7400
2006-08-03,15.8000
2006-08-02,15.6700
2006-08-01,15.3800
2006-07-31,15.5900
2006-07-28,15.8200
2006-07-27,15.4900
2006-07-26,15.3300
2006-07-25,15.0400
2006-07-24,14.3500
2006-07-21,14.1500
2006-07-20,14.5300
2006-07-19,14.9700
2006-07-18,14.5500
2006-07-17,14.2100
2006-07-14,14.4000
2006-07-13,14.3200
2006-07-12,14.8100
2006-07-11,15.0700
2006-07-10,14.5300
2006-07-07,14.8600
2006-07-06,15.3100
2006-07-05,15.0000
2006-07-03,15.4000
2006-06-30,15.0600
2006-06-29,15.1200
2006-06-28,15.9600
2006-06-27,16.0300
2006-06-26,16.6800
2006-06-23,16.4200
2006-06-22,16.1800
2006-06-21,15.9500
2006-06-20,15.9700
2006-06-19,15.8900
2006-06-16,16.3500
2006-06-15,16.0400
2006-06-14,15.2600
2006-06-13,14.8500
2006-06-12,15.1400
2006-06-09,15.5600
2006-06-08,15.5300
2006-06-07,15.8200
2006-06-06,16.2600
2006-06-05,16.0300
2006-06-02,16.4600
2006-06-01,16.8700
2006-05-31,16.5600
2006-05-30,16.0600
2006-05-26,16.3700
2006-05-25,16.1700
2006-05-24,15.4600
2006-05-23,15.2400
2006-05-22,15.5600
2006-05-19,15.7700
2006-05-18,15.3600
2006-05-17,15.6300
2006-05-16,15.9700
2006-05-15,15.8300
2006-05-12,15.8100
2006-05-11,16.1100
2006-05-10,16.6100
2006-05-09,17.2500
2006-05-08,17.2400
2006-05-05,17.0500
2006-05-04,16.9600
2006-05-03,16.7300
2006-05-02,16.7500
2006-05-01,16.7400
2006-04-28,16.9700
2006-04-27,17.4000
2006-04-26,16.8000
2006-04-25,16.4700
2006-04-24,16.4000
2006-04-21,16.4000
2006-04-20,16.8000
2006-04-19,16.5000
2006-04-18,16.0300
2006-04-17,15.1200
2006-04-13,15.0400
2006-04-12,15.3200
2006-04-11,15.1000
2006-04-10,14.9100
2006-04-07,15.2500
2006-04-06,15.5800
2006-04-05,15.5600
2006-04-04,15.6400
2006-04-03,15.4500
2006-03-31,14.7200
2006-03-30,14.8200
2006-03-29,14.8900
2006-03-28,14.4300
2006-03-27,14.7700
2006-03-24,14.4700
2006-03-23,14.4300
2006-03-22,14.5500
2006-03-21,15.0000
2006-03-20,14.8200
2006-03-17,14.7700
2006-03-16,14.5900
2006-03-15,15.0100
2006-03-14,15.0800
2006-03-13,14.7800
2006-03-10,14.4700
2006-03-09,14.5200
2006-03-08,14.8700
2006-03-07,14.9800
2006-03-06,15.6000
2006-03-03,15.8900
2006-03-02,15.8500
2006-03-01,15.9500
2006-02-28,15.5100
2006-02-27,15.6500
2006-02-24,15.8800
2006-02-23,15.7500
2006-02-22,16.3100
2006-02-21,16.0800
2006-02-17,16.6500
2006-02-16,16.9900
2006-02-15,16.7800
2006-02-14,16.6300
2006-02-13,16.1900
2006-02-10,16.4000
2006-02-09,16.2600
2006-02-08,16.3500
2006-02-07,16.3600
2006-02-06,16.0100
2006-02-03,14.8900
2006-02-02,14.9500
2006-02-01,15.0200
2006-01-31,14.6800
2006-01-30,14.9300
2006-01-27,14.7000
2006-01-26,14.3500
2006-01-25,14.1100
2006-01-24,14.1000
2006-01-23,14.1800
2006-01-20,14.0100
2006-01-19,14.3300
2006-01-18,13.8600
2006-01-17,13.9700
2006-01-13,14.5100
2006-01-12,14.5700
2006-01-11,14.7500
2006-01-10,14.5700
2006-01-09,14.7000
2006-01-06,14.4700
2006-01-05,14.1800
2006-01-04,14.0500
2006-01-03,13.5100
2005-12-30,13.3100
2005-12-29,13.2700
2005-12-28,13.4500
2005-12-27,13.4700
2005-12-23,13.6500
2005-12-22,13.6400
2005-12-21,14.1400
2005-12-20,13.7100
2005-12-19,13.6500
2005-12-16,13.6700
2005-12-15,13.5500
2005-12-14,13.5300
2005-12-13,13.8400
2005-12-12,13.8000
2005-12-09,13.4100
2005-12-08,13.1300
2005-12-07,13.6600
2005-12-06,13.9900
2005-12-05,14.3000
2005-12-02,14.3700
2005-12-01,14.4900
2005-11-30,14.2600
2005-11-29,13.9200
2005-11-28,14.3800
2005-11-25,14.5900
2005-11-23,14.4900
2005-11-22,14.6700
2005-11-21,14.2000
2005-11-18,14.1800
2005-11-17,13.7600
2005-11-16,13.4300
2005-11-15,13.3600
2005-11-14,13.3300
2005-11-11,13.6500
2005-11-10,13.7800
2005-11-09,13.8000
2005-11-08,13.7100
2005-11-07,13.8800
2005-11-04,13.9200
2005-11-03,13.8700
2005-11-02,13.2700
2005-11-01,13.0000
2005-10-31,12.9900
2005-10-28,12.6700
2005-10-27,12.6200
2005-10-26,12.7500
2005-10-25,12.6500
2005-10-24,12.5100
2005-10-21,12.6700
2005-10-20,12.8100
2005-10-19,12.8800
2005-10-18,13.0700
2005-10-17,13.0100
2005-10-14,12.8700
2005-10-13,13.1100
2005-10-12,12.7400
2005-10-11,12.5400
2005-10-10,12.7700
2005-10-07,13.1800
2005-10-06,12.9500
2005-10-05,12.8000
2005-10-04,13.3300
2005-10-03,13.6400
2005-09-30,13.3000
2005-09-29,12.1900
2005-09-28,11.7400
2005-09-27,11.7400
2005-09-26,12.1000
2005-09-23,12.1500
2005-09-22,12.0600
2005-09-21,12.2400
2005-09-20,12.3200
2005-09-19,12.4600
2005-09-16,12.8100
2005-09-15,12.8700
2005-09-14,13.2300
2005-09-13,12.6800
2005-09-12,12.5900
2005-09-09,12.4900
2005-09-08,12.4000
2005-09-07,12.1600
2005-09-06,12.2000
2005-09-02,11.6700
2005-09-01,11.6200
2005-08-31,11.9100
2005-08-30,11.3100
2005-08-29,11.1600
2005-08-26,11.1800
2005-08-25,11.3500
2005-08-24,11.1600
2005-08-23,11.1000
2005-08-22,11.2500
2005-08-19,11.1500
2005-08-18,11.1000
2005-08-17,11.2300
2005-08-16,11.0900
2005-08-15,11.3500
2005-08-12,11.1100
2005-08-11,11.3000
2005-08-10,11.2500
2005-08-09,11.5400
2005-08-08,11.5600
2005-08-05,11.8600
2005-08-04,11.9000
2005-08-03,12.1600
2005-08-02,12.2100
2005-08-01,12.1800
2005-07-29,11.8800
2005-07-28,12.0000
2005-07-27,11.9100
2005-07-26,11.9000
2005-07-25,11.7200
2005-07-22,11.9300
2005-07-21,12.1200
2005-07-20,12.2200
2005-07-19,12.1700
2005-07-18,11.9100
2005-07-15,11.9200
2005-07-14,11.9000
2005-07-13,11.8100
2005-07-12,11.8200
2005-07-11,11.7300
2005-07-08,11.4200
2005-07-07,10.8500
2005-07-06,10.8800
2005-07-05,10.5000
2005-07-01,10.2000
2005-06-30,10.2100
2005-06-29,10.4500
2005-06-28,10.2500
2005-06-27,10.1700
2005-06-24,10.5800
2005-06-23,10.8300
2005-06-22,10.6000
2005-06-21,10.6100
2005-06-20,10.6600
2005-06-17,10.8300
2005-06-16,10.9500
2005-06-15,10.9300
2005-06-14,10.7600
2005-06-13,10.8500
2005-06-10,10.9000
2005-06-09,10.9700
2005-06-08,10.6800
2005-06-07,10.4900
2005-06-06,10.6000
2005-06-03,10.8200
2005-06-02,11.0500
2005-06-01,10.8400
2005-05-31,10.9800
2005-05-27,11.0700
2005-05-26,11.0300
2005-05-25,10.7300
2005-05-24,10.8400
2005-05-23,10.6900
2005-05-20,10.5400
2005-05-19,10.4500
2005-05-18,10.5400
2005-05-17,10.6000
2005-05-16,10.4100
2005-05-13,10.5700
2005-05-12,10.1600
2005-05-11,10.0000
2005-05-10,10.0000
2005-05-09,10.1100
2005-05-06,10.1300
2005-05-05,10.0400
2005-05-04,10.0800
2005-05-03,9.7000
2005-05-02,9.6600
2005-04-29,9.7100
2005-04-28,9.5700
2005-04-27,9.4900
2005-04-26,9.5500
2005-04-25,9.5800
2005-04-22,9.4100
2005-04-21,9.7500
2005-04-20,9.4400
2005-04-19,9.6400
2005-04-18,9.6200
2005-04-15,9.5200
2005-04-14,9.7700
2005-04-13,9.9900
2005-04-12,10.1900
2005-04-11,10.2200
2005-04-08,10.2000
2005-04-07,10.2000
2005-04-06,10.0700
2005-04-05,10.0800
2005-04-04,10.0900
2005-04-01,10.2600
2005-03-31,10.3400
2005-03-30,10.4800
2005-03-29,10.1200
2005-03-28,10.1700
2005-03-24,10.2300
2005-03-23,10.2200
2005-03-22,10.1000
2005-03-21,10.2200
2005-03-18,10.2900
2005-03-17,10.4500
2005-03-16,10.3800
2005-03-15,10.2500
2005-03-14,10.3900
2005-03-11,10.4200
2005-03-10,10.6900
2005-03-09,10.6000
2005-03-08,10.5800
2005-03-07,10.9300
2005-03-04,10.7600
2005-03-03,11.1900
2005-03-02,11.4200
2005-03-01,11.4800
2005-02-28,11.5000
2005-02-25,11.6800
2005-02-24,11.5700
2005-02-23,11.3600
2005-02-22,11.4600
2005-02-18,11.5000
2005-02-17,11.5000
2005-02-16,11.8000
2005-02-15,11.9200
2005-02-14,11.8100
2005-02-11,11.7300
2005-02-10,11.2700
2005-02-09,11.2300
2005-02-08,11.3300
2005-02-07,11.3200
2005-02-04,11.1000
2005-02-03,10.8500
2005-02-02,10.8200
2005-02-01,10.7000
2005-01-31,10.4100
2005-01-28,10.3600
2005-01-27,10.6300
2005-01-26,10.3100
2005-01-25,10.2500
2005-01-24,10.0600
2005-01-21,10.4100
2005-01-20,11.0200
2005-01-19,11.0100
2005-01-18,11.2000
2005-01-14,11.2100
2005-01-13,11.1700
2005-01-12,11.3300
2005-01-11,11.0900
2005-01-10,11.4300
2005-01-07,11.4600
2005-01-06,11.4100
2005-01-05,11.5300
2005-01-04,11.6600
2005-01-03,12.0000
2004-12-31,12.3500
2004-12-30,12.2900
2004-12-29,12.2600
2004-12-28,11.9700
2004-12-27,11.8000
2004-12-23,11.8000
2004-12-22,11.8800
2004-12-21,11.5400
2004-12-20,11.3500
2004-12-17,11.3100
2004-12-16,11.6300
2004-12-15,11.8400
2004-12-14,11.6500
2004-12-13,11.5400
2004-12-10,11.3000
2004-12-09,11.1500
2004-12-08,11.2000
2004-12-07,11.4000
2004-12-06,11.6900
2004-12-03,11.5400
2004-12-02,11.4000
2004-12-01,11.4400
2004-11-30,11.0800
2004-11-29,11.1900
2004-11-26,11.4000
2004-11-24,11.4800
2004-11-23,11.4200
2004-11-22,11.4200
2004-11-19,11.7000
2004-11-18,12.1700
2004-11-17,12.5300
2004-11-16,11.9500
2004-11-15,12.1200
2004-11-12,12.0100
2004-11-11,11.6500
2004-11-10,11.5000
2004-11-09,11.8500
2004-11-08,11.9500
2004-11-05,11.8800
2004-11-04,11.7400
2004-11-03,11.6800
2004-11-02,11.8100
2004-11-01,12.0000
2004-10-29,12.1800
2004-10-28,12.2500
2004-10-27,12.1400
2004-10-26,11.6900
2004-10-25,11.7100
2004-10-22,11.5300
2004-10-21,11.8500
2004-10-20,11.6900
2004-10-19,11.5100
2004-10-18,11.3700
2004-10-15,11.3800
2004-10-14,11.3500
2004-10-13,11.6400
2004-10-12,11.5900
2004-10-11,11.9000
2004-10-08,12.0100
2004-10-07,12.4300
2004-10-06,12.6500
2004-10-05,12.4400
2004-10-04,12.4600
2004-10-01,12.3600
2004-09-30,12.0300
2004-09-29,12.1000
2004-09-28,12.1400
2004-09-27,12.3200
2004-09-24,12.4000
2004-09-23,12.4800
2004-09-22,12.3400
2004-09-21,12.7600
2004-09-20,12.7300
2004-09-17,12.7600
2004-09-16,12.2600
2004-09-15,12.1000
2004-09-14,12.4700
2004-09-13,12.3000
2004-09-10,12.2800
2004-09-09,11.5200
2004-09-08,11.1500
2004-09-07,11.1200
2004-09-03,11.2300
2004-09-02,11.6500
2004-09-01,11.6400
2004-08-31,11.5100
2004-08-30,11.4800
2004-08-27,11.8800
2004-08-26,11.8300
2004-08-25,12.0300
2004-08-24,11.9000
2004-08-23,12.1600
2004-08-20,11.9600
2004-08-19,11.4700
2004-08-18,11.6800
2004-08-17,11.1300
2004-08-16,11.1600
2004-08-13,11.1100
2004-08-12,11.0600
2004-08-11,11.7500
2004-08-10,12.3400
2004-08-09,12.2000
2004-08-06,12.4300
2004-08-05,12.7300
2004-08-04,12.9300
2004-08-03,12.9600
2004-08-02,13.3600
2004-07-30,13.5300
2004-07-29,13.5200
2004-07-28,12.8800
2004-07-27,12.9700
2004-07-26,12.8400
2004-07-23,12.9900
2004-07-22,13.5100
2004-07-21,13.0400
2004-07-20,13.6000
2004-07-19,13.1700
2004-07-16,13.2300
2004-07-15,13.4900
2004-07-14,13.4100
2004-07-13,14.1000
2004-07-12,13.9500
2004-07-09,14.4000
2004-07-08,14.1200
2004-07-07,14.3600
2004-07-06,14.1200
2004-07-02,14.6800
2004-07-01,14.9700
2004-06-30,15.3100
2004-06-29,15.2400
2004-06-28,14.4800
2004-06-25,14.7700
2004-06-24,14.3700
2004-06-23,14.4600
2004-06-22,13.8600
2004-06-21,13.7300
2004-06-18,13.6900
2004-06-17,13.6400
2004-06-16,13.9800
2004-06-15,14.0600
2004-06-14,13.9400
2004-06-10,14.2000
2004-06-09,14.3200
2004-06-08,14.8900
2004-06-07,14.9000
2004-06-04,14.5200
2004-06-03,14.0500
2004-06-02,14.7500
2004-06-01,14.8900
2004-05-28,15.0300
2004-05-27,14.8500
2004-05-26,14.6200
2004-05-25,14.3200
2004-05-24,13.7400
2004-05-21,13.6100
2004-05-20,13.5000
2004-05-19,13.8900
2004-05-18,13.6600
2004-05-17,13.5600
2004-05-14,13.8600
2004-05-13,14.0300
2004-05-12,14.0600
2004-05-11,14.4500
2004-05-10,14.3000
2004-05-07,14.3800
2004-05-06,14.1400
2004-05-05,13.8900
2004-05-04,13.7100
2004-05-03,13.7100
2004-04-30,13.6200
2004-04-29,13.6600
2004-04-28,14.2800
2004-04-27,15.2800
2004-04-26,15.4700
2004-04-23,15.5400
2004-04-22,15.4000
2004-04-21,15.3800
2004-04-20,15.3700
2004-04-19,15.8100
2004-04-16,15.9100
2004-04-15,16.0100
2004-04-14,16.4900
2004-04-13,17.0000
2004-04-12,17.1900
2004-04-08,17.3500
2004-04-07,17.2900
2004-04-06,17.5000
2004-04-05,17.9600
2004-04-02,17.7000
2004-04-01,16.9000
2004-03-31,16.7100
2004-03-30,16.3100
2004-03-29,16.2000
2004-03-26,15.9100
2004-03-25,15.5600
2004-03-24,15.8100
2004-03-23,15.8200
2004-03-22,15.4200
2004-03-19,15.6900
2004-03-18,15.8100
2004-03-17,15.4700
2004-03-16,14.8500
2004-03-15,14.5200
2004-03-12,14.7100
2004-03-11,14.4300
2004-03-10,14.6200
2004-03-09,15.4100
2004-03-08,15.4700
2004-03-05,16.3100
2004-03-04,16.2900
2004-03-03,16.0700
2004-03-02,15.8300
2004-03-01,15.3500
2004-02-27,15.0400
2004-02-26,15.1800
2004-02-25,15.2500
2004-02-24,15.1500
2004-02-23,15.0800
2004-02-20,15.5700
2004-02-19,16.1400
2004-02-18,16.4200
2004-02-17,16.0400
2004-02-13,15.7300
2004-02-12,15.8400
2004-02-11,16.2000
2004-02-10,16.2100
2004-02-09,15.9000
2004-02-06,16.1500
2004-02-05,15.4500
2004-02-04,15.7300
2004-02-03,15.9600
2004-02-02,15.9900
2004-01-30,16.1100
2004-01-29,16.1200
2004-01-28,16.1100
2004-01-27,15.7100
2004-01-26,15.0000
2004-01-23,14.7100
2004-01-22,14.4600
2004-01-21,15.0100
2004-01-20,15.1200
2004-01-16,14.9600
2004-01-15,14.8300
2004-01-14,14.8700
2004-01-13,14.8600
2004-01-12,15.2800
2004-01-09,15.3500
2004-01-08,15.4700
2004-01-07,15.1800
2004-01-06,14.5400
2004-01-05,14.1500
2004-01-02,13.7400
2003-12-31,13.4700
2003-12-30,13.7300
2003-12-29,13.9500
2003-12-26,13.5200
2003-12-24,13.4400
2003-12-23,13.1600
2003-12-22,12.7700
2003-12-19,12.3300
2003-12-18,12.0600
2003-12-17,11.5000
2003-12-16,11.6700
2003-12-15,11.5200
2003-12-12,12.1400
2003-12-11,12.0000
2003-12-10,11.7900
2003-12-09,11.5600
2003-12-08,11.8900
2003-12-05,12.1200
2003-12-04,12.1600
2003-12-03,12.4100
2003-12-02,12.7600
2003-12-01,13.0500
2003-11-28,13.0100
2003-11-26,13.0400
2003-11-25,13.0900
2003-11-24,12.8200
2003-11-21,12.5000
2003-11-20,12.5800
2003-11-19,12.5300
2003-11-18,12.5200
2003-11-17,12.7800
2003-11-14,13.0400
2003-11-13,13.1800
2003-11-12,13.6000
2003-11-11,13.2400
2003-11-10,13.4500
2003-11-07,14.2200
2003-11-06,14.4000
2003-11-05,14.5900
2003-11-04,14.6400
2003-11-03,14.7500
2003-10-31,14.3400
2003-10-30,14.7000
2003-10-29,14.6000
2003-10-28,14.2500
2003-10-27,14.0100
2003-10-24,13.1900
2003-10-23,13.2500
2003-10-22,13.3000
2003-10-21,13.5800
2003-10-20,12.8500
2003-10-17,12.8500
2003-10-16,12.8300
2003-10-15,12.8100
2003-10-14,12.6400
2003-10-13,12.5400
2003-10-10,12.7800
2003-10-09,12.9300
2003-10-08,12.8100
2003-10-07,13.0000
2003-10-06,13.4900
2003-10-03,13.6600
2003-10-02,13.4000
2003-10-01,13.2800
2003-09-30,13.4200
2003-09-29,13.5700
2003-09-26,13.6500
2003-09-25,13.5800
2003-09-24,14.1000
2003-09-23,14.6700
2003-09-22,14.3500
2003-09-19,14.5300
2003-09-18,14.1700
2003-09-17,14.1800
2003-09-16,13.6200
2003-09-15,13.2200
2003-09-12,13.6500
2003-09-11,13.6000
2003-09-10,13.3500
2003-09-09,14.7000
2003-09-08,15.1300
2003-09-05,14.3000
2003-09-04,14.0900
2003-09-03,14.2100
2003-09-02,14.4700
2003-08-29,14.3600
2003-08-28,14.1900
2003-08-27,14.0000
2003-08-26,13.6500
2003-08-25,13.6400
2003-08-22,13.8900
2003-08-21,13.7600
2003-08-20,13.3000
2003-08-19,13.8600
2003-08-18,12.7600
2003-08-15,12.5000
2003-08-14,12.9000
2003-08-13,13.3800
2003-08-12,13.2700
2003-08-11,13.0100
2003-08-08,12.9600
2003-08-07,13.6000
2003-08-06,13.7700
2003-08-05,14.2300
2003-08-04,14.8200
2003-08-01,15.1100
2003-07-31,14.6400
2003-07-30,14.3500
2003-07-29,14.5200
2003-07-28,14.5700
2003-07-25,14.6500
2003-07-24,14.8500
2003-07-23,15.3800
2003-07-22,14.3000
2003-07-21,14.0100
2003-07-18,14.3000
2003-07-17,13.2800
2003-07-16,13.9200
2003-07-15,14.1700
2003-07-14,14.3000
2003-07-11,13.9000
2003-07-10,13.8800
2003-07-09,14.4000
2003-07-08,14.0000
2003-07-07,13.7600
2003-07-03,12.8100
2003-07-02,12.9400
2003-07-01,12.3300
2003-06-30,11.6300
2003-06-27,11.8000
2003-06-26,11.9500
2003-06-25,11.8600
2003-06-24,11.7600
2003-06-23,12.0100
2003-06-20,12.6800
2003-06-19,12.7400
2003-06-18,13.0800
2003-06-17,13.0500
2003-06-16,13.1900
2003-06-13,13.0800
2003-06-12,13.5300
2003-06-11,13.2800
2003-06-10,13.1500
2003-06-09,12.3100
2003-06-06,12.5000
2003-06-05,12.4700
2003-06-04,12.1800
2003-06-03,11.3900
2003-06-02,11.1400
2003-05-30,11.3200
2003-05-29,11.2200
2003-05-28,10.9600
2003-05-27,11.0000
2003-05-23,10.0300
2003-05-22,10.0300
2003-05-21,9.9400
2003-05-20,9.8900
2003-05-19,10.0300
2003-05-16,10.3500
2003-05-15,10.3100
2003-05-14,10.3500
2003-05-13,10.1500
2003-05-12,9.8200
2003-05-09,9.6500
2003-05-08,9.1000
2003-05-07,9.1000
2003-05-06,9.0800
2003-05-05,9.0000
2003-05-02,8.7100
2003-05-01,8.5200
2003-04-30,8.5000
2003-04-29,8.6600
2003-04-28,8.6900
2003-04-25,8.6900
2003-04-24,9.3600
2003-04-23,9.5500
2003-04-22,9.5300
2003-04-21,9.1600
2003-04-17,8.9900
2003-04-16,8.7400
2003-04-15,8.6800
2003-04-14,8.5400
2003-04-11,8.3700
2003-04-10,8.5500
2003-04-09,8.5200
2003-04-08,8.8700
2003-04-07,9.0000
2003-04-04,8.7200
2003-04-03,8.7100
2003-04-02,8.7500
2003-04-01,8.0300
2003-03-31,8.1400
2003-03-28,8.7200
2003-03-27,8.8100
2003-03-26,8.4600
2003-03-25,8.7100
2003-03-24,8.3400
2003-03-21,8.8800
2003-03-20,8.0000
2003-03-19,8.1500
2003-03-18,8.0500
2003-03-17,8.0300
2003-03-14,7.8500
2003-03-13,8.2800
2003-03-12,7.7400
2003-03-11,7.7500
2003-03-10,7.6200
2003-03-07,7.6000
2003-03-06,7.9000
2003-03-05,8.0000
2003-03-04,7.6000
2003-03-03,7.4200
2003-02-28,7.9900
2003-02-27,7.6100
2003-02-26,7.5300
2003-02-25,7.3600
2003-02-24,7.4700
2003-02-21,7.5200
2003-02-20,7.7500
2003-02-19,7.4400
2003-02-18,7.1700
2003-02-14,7.2000
2003-02-13,6.7600
2003-02-12,7.0000
2003-02-11,7.2300
2003-02-10,7.3500
2003-02-07,7.6100
2003-02-06,7.6200
2003-02-05,8.1400
2003-02-04,8.2500
2003-02-03,8.4000
2003-01-31,8.2100
2003-01-30,8.3200
2003-01-29,7.9400
2003-01-28,7.9400
2003-01-27,7.9900
2003-01-24,8.2300
2003-01-23,8.7900
2003-01-22,8.5000
2003-01-21,8.9000
2003-01-17,9.1600
2003-01-16,9.6500
2003-01-15,9.9600
2003-01-14,10.2000
2003-01-13,10.0900
2003-01-10,10.2900
2003-01-09,9.9500
2003-01-08,10.0500
2003-01-07,11.0000
2003-01-06,10.5600
2003-01-03,10.1600
2003-01-02,10.0000
2002-12-31,9.7400
2002-12-30,9.8100
2002-12-27,10.3000
2002-12-26,10.2900
2002-12-24,10.2700
2002-12-23,10.3000
2002-12-20,10.2000
2002-12-19,10.1900
2002-12-18,10.2200
2002-12-17,13.2800
2002-12-16,13.4900
2002-12-13,12.9900
2002-12-12,13.5700
2002-12-11,13.6700
2002-12-10,13.8600
2002-12-09,12.8800
2002-12-06,13.3400
2002-12-05,13.7200
2002-12-04,13.9500
2002-12-03,14.6000
2002-12-02,15.7400
2002-11-29,15.8100
2002-11-27,16.1100
2002-11-26,15.5500
2002-11-25,16.4900
2002-11-22,16.0200
2002-11-21,15.6800
2002-11-20,14.5900
2002-11-19,13.7300
2002-11-18,14.0700
2002-11-15,13.8700
2002-11-14,14.1900
2002-11-13,13.0700
2002-11-12,13.8300
2002-11-11,14.0900
2002-11-08,15.5700
2002-11-07,16.5200
2002-11-06,17.8000
2002-11-05,16.9900
2002-11-04,17.3500
2002-11-01,16.8000
2002-10-31,16.0000
2002-10-30,15.7400
2002-10-29,16.0900
2002-10-28,16.8500
2002-10-25,17.3000
2002-10-24,16.0000
2002-10-23,15.6800
2002-10-22,14.4500
2002-10-21,14.8800
2002-10-18,14.0000
2002-10-17,13.3200
2002-10-16,12.4400
2002-10-15,14.5500
2002-10-14,13.4700
2002-10-11,13.6700
2002-10-10,12.5000
2002-10-09,12.1400
2002-10-08,11.7800
2002-10-07,11.7500
2002-10-04,11.9200
2002-10-03,12.4400
2002-10-02,13.6300
2002-10-01,13.0000
2002-09-30,12.3700
2002-09-27,12.7400
2002-09-26,12.5500
2002-09-25,13.3900
2002-09-24,12.9500
2002-09-23,12.7600
2002-09-20,13.8700
2002-09-19,15.2800
2002-09-18,15.7000
2002-09-17,16.1200
2002-09-16,16.2500
2002-09-13,16.5000
2002-09-12,17.6800
2002-09-11,18.7000
2002-09-10,18.7600
2002-09-09,17.4300
2002-09-06,17.7500
2002-09-05,17.2000
2002-09-04,17.4000
2002-09-03,17.0100
2002-08-30,17.2500
2002-08-29,17.2500
2002-08-28,17.8300
2002-08-27,18.3600
2002-08-26,19.4800
2002-08-23,20.1100
2002-08-22,21.1000
2002-08-21,21.1900
2002-08-20,20.3100
2002-08-19,22.1300
2002-08-16,20.8500
2002-08-15,19.9900
2002-08-14,19.4500
2002-08-13,18.1300
2002-08-12,18.3900
2002-08-09,18.9000
2002-08-08,19.2000
2002-08-07,18.6900
2002-08-06,18.3000
2002-08-05,17.2500
2002-08-02,18.1800
2002-08-01,18.5000
2002-07-31,19.4900
2002-07-30,20.9800
2002-07-29,20.8600
2002-07-26,19.6300
2002-07-25,19.2000
2002-07-24,21.7500
2002-07-23,19.9500
2002-07-22,20.5000
2002-07-19,22.2800
2002-07-18,22.7800
2002-07-17,24.0000
2002-07-16,23.2300
2002-07-15,24.4500
2002-07-12,23.3900
2002-07-11,22.3500
2002-07-10,21.2800
2002-07-09,22.4300
2002-07-08,21.6000
2002-07-05,22.3100
2002-07-03,20.5000
2002-07-02,19.2400
2002-07-01,20.0000
2002-06-28,20.2200
2002-06-27,20.5000
2002-06-26,19.0000
2002-06-25,19.7500
2002-06-24,19.7200
2002-06-21,18.7900
2002-06-20,18.4000
2002-06-19,20.0800
2002-06-18,23.6000
2002-06-17,23.3000
2002-06-14,22.3000
2002-06-13,21.1000
2002-06-12,21.6500
2002-06-11,20.8600
2002-06-10,21.4600
2002-06-07,22.1500
2002-06-06,22.3000
2002-06-05,22.4500
2002-06-04,22.8300
2002-06-03,22.3000
2002-05-31,23.5800
2002-05-30,23.5000
2002-05-29,22.8800
2002-05-28,23.1200
2002-05-24,23.3600
2002-05-23,24.3000
2002-05-22,23.5500
2002-05-21,23.6000
2002-05-20,24.4600
2002-05-17,25.0100
2002-05-16,26.0100
2002-05-15,25.4900
2002-05-14,26.3000
2002-05-13,23.6000
2002-05-10,22.4700
2002-05-09,22.8500
2002-05-08,24.5100
2002-05-07,23.2500
2002-05-06,22.7800
2002-05-03,22.6100
2002-05-02,23.3600
2002-05-01,24.7000
2002-04-30,23.7000
2002-04-29,26.4500
2002-04-26,26.0000
2002-04-25,27.5500
2002-04-24,27.3000
2002-04-23,29.3900
2002-04-22,30.9000
2002-04-19,29.5000
2002-04-18,29.0000
2002-04-17,30.2400
2002-04-16,30.1100
2002-04-15,28.7000
2002-04-12,29.0600
2002-04-11,29.2000
2002-04-10,30.5300
2002-04-09,30.0500
2002-04-08,30.9000
2002-04-05,29.8500
2002-04-04,30.5900
2002-04-03,30.7800
2002-04-02,32.4000
2002-04-01,33.5100
2002-03-28,32.9000
2002-03-27,33.0000
2002-03-26,34.0300
2002-03-25,33.0000
2002-03-22,33.9000
2002-03-21,34.5100
2002-03-20,32.5000
2002-03-19,33.8000
2002-03-18,33.2500
2002-03-15,33.3900
2002-03-14,32.0200
2002-03-13,34.1000
2002-03-12,35.6900
2002-03-11,36.9500
2002-03-08,38.1600
2002-03-07,37.1400
2002-03-06,37.8600
2002-03-05,39.5000
2002-03-04,38.7000
2002-03-01,36.2900
2002-02-28,32.1500
2002-02-27,34.2000
2002-02-26,33.7000
2002-02-25,34.0500
2002-02-22,32.5300
2002-02-21,33.2100
2002-02-20,36.5000
2002-02-19,36.5900
2002-02-15,36.9500
2002-02-14,38.2500
2002-02-13,39.0100
2002-02-12,37.8000
2002-02-11,37.6000
2002-02-08,34.9000
2002-02-07,33.8600
2002-02-06,36.6900
2002-02-05,34.4500
2002-02-04,34.4000
2002-02-01,34.8500
2002-01-31,33.7500
2002-01-30,32.4000
2002-01-29,30.4900
2002-01-28,32.3000
2002-01-25,32.5000
2002-01-24,31.8500
2002-01-23,31.6400
2002-01-22,30.8800
2002-01-18,31.7900
2002-01-17,34.0000
2002-01-16,33.7000
2002-01-15,35.3000
2002-01-14,35.6000
2002-01-11,35.1300
2002-01-10,33.7500
2002-01-09,35.0100
2002-01-08,35.3000
2002-01-07,36.1500
2002-01-04,35.9500
2002-01-03,36.5100
2002-01-02,33.2400
2001-12-31,31.0000
2001-12-28,31.6600
2001-12-27,31.1700
2001-12-26,30.4000
2001-12-24,29.7200
2001-12-21,30.1600
2001-12-20,29.5100
2001-12-19,30.1000
2001-12-18,31.8100
2001-12-17,30.7000
2001-12-14,30.2500
2001-12-13,29.6900
2001-12-12,31.7500
2001-12-11,30.9000
2001-12-10,31.0800
2001-12-07,31.7500
2001-12-06,32.5500
2001-12-05,33.0600
2001-12-04,30.4900
2001-12-03,28.5600
2001-11-30,27.1600
2001-11-29,27.8500
2001-11-28,26.7300
2001-11-27,29.1500
2001-11-26,28.6000
2001-11-23,26.7400
2001-11-21,25.9000
2001-11-20,26.0600
2001-11-19,27.3200
2001-11-16,26.3000
2001-11-15,27.7600
2001-11-14,27.7600
2001-11-13,29.0000
2001-11-12,27.1500
2001-11-09,26.1100
2001-11-08,26.9100
2001-11-07,25.9000
2001-11-06,24.4700
2001-11-05,24.6000
2001-11-02,24.7500
2001-11-01,23.0000
2001-10-31,22.7600
2001-10-30,21.0800
2001-10-29,22.5000
2001-10-26,23.9500
2001-10-25,23.2300
2001-10-24,22.4000
2001-10-23,21.7900
2001-10-22,21.7400
2001-10-19,20.8000
2001-10-18,19.7500
2001-10-17,20.6600
2001-10-16,22.0500
2001-10-15,23.1400
2001-10-12,25.5000
2001-10-11,23.5000
2001-10-10,21.2300
2001-10-09,20.0000
2001-10-08,21.1500
2001-10-05,20.0600
2001-10-04,19.4900
2001-10-03,19.0000
2001-10-02,18.2700
2001-10-01,17.7500
2001-09-28,18.8300
2001-09-27,17.7800
2001-09-26,17.2500
2001-09-25,21.2400
2001-09-24,22.3000
2001-09-21,21.1100
2001-09-20,22.0900
2001-09-19,23.4500
2001-09-18,25.4200
2001-09-17,29.2000
2001-09-10,31.7600
2001-09-07,32.7500
2001-09-06,33.4600
2001-09-05,36.0000
2001-09-04,36.3000
2001-08-31,37.6100
2001-08-30,36.7300
2001-08-29,37.5500
2001-08-28,39.0200
2001-08-27,40.3500
2001-08-24,38.5400
2001-08-23,36.2800
2001-08-22,37.2500
2001-08-21,35.3000
2001-08-20,36.0500
2001-08-17,36.1000
2001-08-16,37.7200
2001-08-15,36.4500
2001-08-14,37.4000
2001-08-13,38.7900
2001-08-10,39.1900
2001-08-09,38.7600
2001-08-08,39.2500
2001-08-07,40.9300
2001-08-06,42.0100
2001-08-03,43.4500
2001-08-02,44.9000
2001-08-01,43.7000
2001-07-31,42.0000
2001-07-30,41.3600
2001-07-27,41.2500
2001-07-26,40.7600
2001-07-25,38.3800
2001-07-24,37.8400
2001-07-23,38.1000
2001-07-20,39.0900
2001-07-19,39.5600
2001-07-18,38.2500
2001-07-17,38.6700
2001-07-16,36.7500
2001-07-13,39.0100
2001-07-12,39.9900
2001-07-11,39.5000
2001-07-10,37.5900
2001-07-09,38.5000
2001-07-06,38.9000
2001-07-05,41.8900
2001-07-03,43.2500
2001-07-02,42.3000
2001-06-29,41.1000
2001-06-28,41.6000
2001-06-27,39.7400
2001-06-26,40.0000
2001-06-25,39.0200
2001-06-22,38.3800
2001-06-21,37.7100
2001-06-20,36.8400
2001-06-19,38.0200
2001-06-18,38.5000
2001-06-15,39.5000
2001-06-14,37.8000
2001-06-13,40.9000
2001-06-12,41.7500
2001-06-11,41.6100
2001-06-08,43.3200
2001-06-07,44.8500
2001-06-06,41.4700
2001-06-05,42.0000
2001-06-04,38.4100
2001-06-01,39.2000
2001-05-31,37.5000
2001-05-30,36.7400
2001-05-29,37.9800
2001-05-25,40.7000
2001-05-24,40.2300
2001-05-23,40.2500
2001-05-22,40.8200
2001-05-21,42.6200
2001-05-18,40.0900
2001-05-17,41.0400
2001-05-16,39.2000
2001-05-15,39.1000
2001-05-14,40.7000
2001-05-11,40.3200
2001-05-10,40.0500
2001-05-09,41.5000
2001-05-08,41.8900
2001-05-07,42.9000
2001-05-04,41.8000
2001-05-03,41.4800
2001-05-02,43.1000
2001-05-01,43.7800
2001-04-30,45.3800
2001-04-27,44.0700
2001-04-26,42.4800
2001-04-25,42.6800
2001-04-24,40.0000
2001-04-23,43.3500
2001-04-20,46.5400
2001-04-19,47.9500
2001-04-18,47.3000
2001-04-17,42.9400
2001-04-16,44.5000
2001-04-12,46.4100
2001-04-11,41.6000
2001-04-10,38.1500
2001-04-09,35.8900
2001-04-06,36.8200
2001-04-05,38.4000
2001-04-04,34.6000
2001-04-03,36.2600
2001-04-02,36.2500
2001-03-30,41.5300
2001-03-29,45.2500
2001-03-28,44.2500
2001-03-27,48.0000
2001-03-26,46.8700
2001-03-23,48.8300
2001-03-22,46.7000
2001-03-21,42.0100
2001-03-20,40.6000
2001-03-19,43.0600
2001-03-16,40.0500
2001-03-15,41.3000
2001-03-14,43.5200
2001-03-13,44.0500
2001-03-12,40.7600
2001-03-09,40.7500
2001-03-08,42.8500
2001-03-07,41.0000
2001-03-06,43.8600
2001-03-05,39.0000
2001-03-02,36.0900
2001-03-01,35.9000
2001-02-28,34.2200
2001-02-27,35.0500
2001-02-26,35.0000
2001-02-23,37.2500
2001-02-22,38.0000
2001-02-21,38.4000
2001-02-20,38.6000
2001-02-16,42.5500
2001-02-15,44.6000
2001-02-14,46.5000
2001-02-13,41.5000
2001-02-12,39.4200
2001-02-09,38.7600
2001-02-08,39.9700
2001-02-07,38.8200
2001-02-06,39.7200
2001-02-05,38.2800
2001-02-02,41.2000
2001-02-01,42.1800
2001-01-31,45.7700
2001-01-30,46.8500
2001-01-29,45.3000
2001-01-26,43.9400
2001-01-25,43.7500
2001-01-24,44.8800
2001-01-23,43.2500
2001-01-22,44.5000
2001-01-19,46.4400
2001-01-18,44.4400
2001-01-17,39.2500
2001-01-16,38.9400
2001-01-12,41.4400
2001-01-11,41.0000
2001-01-10,38.0000
2001-01-09,36.7500
2001-01-08,36.9400
2001-01-05,36.5000
2001-01-04,39.3800
2001-01-03,42.0000
2001-01-02,35.3800
2000-12-29,35.5000
2000-12-28,35.9400
2000-12-27,37.3100
2000-12-26,36.0000
2000-12-22,34.9400
2000-12-21,30.9400
2000-12-20,29.8100
2000-12-19,34.7500
2000-12-18,36.0000
2000-12-15,35.8800
2000-12-14,34.9400
2000-12-13,34.3800
2000-12-12,36.2500
2000-12-11,37.5000
2000-12-08,34.6900
2000-12-07,30.6300
2000-12-06,32.0000
2000-12-05,33.1300
2000-12-04,31.1900
2000-12-01,30.9400
2000-11-30,31.5000
2000-11-29,34.3100
2000-11-28,33.5000
2000-11-27,37.1300
2000-11-24,40.8800
2000-11-22,35.9400
2000-11-21,34.5000
2000-11-20,35.5000
2000-11-17,33.7500
2000-11-16,33.1300
2000-11-15,35.0000
2000-11-14,33.3800
2000-11-13,32.3800
2000-11-10,30.1300
2000-11-09,32.5600
2000-11-08,34.6300
2000-11-07,35.9400
2000-11-06,34.0900
2000-11-03,35.7500
2000-11-02,35.3100
2000-11-01,35.6300
2000-10-31,34.7500
2000-10-30,32.6900
2000-10-27,30.2500
2000-10-26,31.6300
2000-10-25,30.1900
2000-10-24,33.5000
2000-10-23,36.3100
2000-10-20,34.8800
2000-10-19,34.6900
2000-10-18,28.5600
2000-10-17,29.0000
2000-10-16,33.6900
2000-10-13,36.3800
2000-10-12,35.5600
2000-10-11,37.7500
2000-10-10,36.8800
2000-10-09,39.7500
2000-10-06,40.8100
2000-10-05,41.0000
2000-10-04,46.9400
2000-10-03,43.0600
2000-10-02,42.3800
2000-09-29,46.0000
2000-09-28,49.5000
2000-09-27,51.6300
2000-09-26,49.6300
2000-09-25,46.7500
2000-09-22,52.7500
2000-09-21,55.1300
2000-09-20,66.4400
2000-09-19,65.6900
2000-09-18,58.5000
2000-09-15,59.2500
2000-09-14,63.0000
2000-09-13,66.4400
2000-09-12,63.3100
2000-09-11,64.8800
2000-09-08,69.0000
2000-09-07,73.5000
2000-09-06,70.0000
2000-09-05,78.5000
2000-09-01,78.3100
2000-08-31,81.6400
2000-08-30,83.6900
2000-08-29,87.2500
2000-08-28,89.3100
2000-08-25,89.0000
2000-08-24,92.5600
2000-08-23,90.7500
2000-08-22,88.0000
2000-08-21,88.5000
2000-08-18,89.1300
2000-08-17,89.8800
2000-08-16,88.7500
2000-08-15,86.5000
2000-08-14,80.5000
2000-08-11,75.6300
2000-08-10,75.0000
2000-08-09,81.7500
2000-08-08,76.8800
2000-08-07,76.1300
2000-08-04,73.1300
2000-08-03,77.5600
2000-08-02,80.3100
2000-08-01,79.0600
2000-07-31,81.5000
2000-07-28,78.9400
2000-07-27,76.7500
2000-07-26,82.5000
2000-07-25,86.7500
2000-07-24,85.0000
2000-07-21,82.5000
2000-07-20,88.1300
2000-07-19,88.2500
2000-07-18,93.0000
2000-07-17,95.1300
2000-07-14,96.5600
2000-07-13,92.0000
2000-07-12,94.0000
2000-07-11,91.0000
2000-07-10,91.0000
2000-07-07,89.5000
2000-07-06,86.5000
2000-07-05,83.7500
2000-07-03,90.2500
2000-06-30,88.0600
2000-06-29,90.8100
2000-06-28,87.5600
2000-06-27,90.0000
2000-06-26,89.1900
2000-06-23,88.0000
2000-06-22,86.8800
2000-06-21,90.7500
2000-06-20,89.8800
2000-06-19,81.5000
2000-06-16,77.3800
2000-06-15,78.0000
2000-06-14,80.3800
2000-06-13,82.5000
2000-06-12,79.5000
2000-06-09,80.0000
2000-06-08,80.7500
2000-06-07,76.7500
2000-06-06,77.0600
2000-06-05,81.1900
2000-06-02,79.2500
2000-06-01,73.5000
2000-05-31,69.9400
2000-05-30,68.7500
2000-05-26,64.6300
2000-05-25,64.6300
2000-05-24,60.3100
2000-05-23,58.3800
2000-05-22,60.6300
2000-05-19,60.5600
2000-05-18,64.7500
2000-05-17,65.5000
2000-05-16,64.6300
2000-05-15,63.1300
2000-05-12,60.7500
2000-05-11,58.4400
2000-05-10,53.0000
2000-05-09,55.4400
2000-05-08,58.3800
2000-05-05,60.5000
2000-05-04,61.7500
2000-05-03,62.3100
2000-05-02,62.7500
2000-05-01,131.8000
2000-04-28,139.3000
2000-04-27,135.0000
2000-04-26,128.8000
2000-04-25,129.9000
2000-04-24,123.4000
2000-04-20,125.3000
2000-04-19,121.0000
2000-04-18,126.5000
2000-04-17,114.0000
2000-04-14,96.0600
2000-04-13,106.5000
2000-04-12,110.9000
2000-04-11,116.6000
2000-04-10,121.6000
2000-04-07,128.4000
2000-04-06,130.9000
2000-04-05,131.0000
2000-04-04,114.8000
2000-04-03,120.0000
2000-03-31,126.0000
2000-03-30,121.0000
2000-03-29,134.5000
2000-03-28,136.5000
2000-03-27,139.5000
2000-03-24,134.7500
2000-03-23,134.6000
2000-03-22,141.0000
2000-03-21,119.3000
2000-03-20,135.6000
2000-03-17,128.9000
2000-03-16,113.4000
2000-03-15,113.0000
2000-03-14,111.5000
2000-03-13,118.0000
2000-03-10,106.4000
2000-03-09,110.0000
2000-03-08,101.0000
2000-03-07,105.0000
2000-03-06,96.0000
2000-03-03,93.5000
2000-03-02,97.5000
2000-03-01,101.8000
2000-02-29,96.0000
2000-02-28,78.0600
2000-02-25,73.6300
2000-02-24,70.1300
2000-02-23,67.0000
2000-02-22,64.5000
2000-02-18,63.1300
2000-02-17,65.2500
2000-02-16,66.1900
2000-02-15,69.0000
2000-02-14,67.7500
2000-02-11,71.1300
2000-02-10,72.3800
2000-02-09,73.2500
2000-02-08,76.0600
2000-02-07,74.0000
2000-02-04,67.3800
2000-02-03,68.0000
2000-02-02,65.8800
2000-02-01,63.5000
2000-01-31,62.1900
2000-01-28,59.5000
2000-01-27,64.7500
2000-01-26,63.5600
2000-01-25,65.8800
2000-01-24,69.5000
2000-01-21,67.1300
2000-01-20,69.7500
2000-01-19,72.1300
2000-01-18,73.5600
2000-01-14,73.2500
2000-01-13,77.8800
2000-01-12,74.0000
2000-01-11,72.3100
2000-01-10,74.3800
2000-01-07,70.5000
2000-01-06,74.0000
2000-01-05,71.7500
2000-01-04,73.0000
2000-01-03,75.9400
1999-12-31,78.1300
1999-12-30,78.6300
1999-12-29,76.6300
1999-12-28,78.0600
1999-12-27,77.9800
1999-12-23,74.6300
1999-12-22,76.0000
1999-12-21,81.0000
1999-12-20,75.8800
1999-12-17,71.5000
1999-12-16,73.0000
1999-12-15,66.0000
1999-12-14,62.3800
1999-12-13,62.3900
1999-12-10,60.2500
1999-12-09,63.5000
1999-12-08,67.9400
1999-12-07,66.9400
1999-12-06,68.7800
1999-12-03,68.0000
1999-12-02,64.0000
1999-12-01,65.1300
1999-11-30,67.0600
1999-11-29,66.9400
1999-11-26,69.9400
1999-11-24,67.9400
1999-11-23,67.5000
1999-11-22,68.0000
1999-11-19,70.0000
1999-11-18,70.3800
1999-11-17,63.8100
1999-11-16,68.3800
1999-11-15,69.3800
1999-11-12,73.5000
1999-11-11,75.5000
1999-11-10,77.8100
1999-11-09,76.6300
1999-11-08,78.4400
1999-11-05,76.8800
1999-11-04,76.0000
1999-11-03,74.9400
1999-11-02,75.2500
1999-11-01,72.6300
